type,date time,latitude,longitude,accuracy(m),altitude(m),geoid_height(m),speed(m/s),bearing(deg),sat_used,sat_inview,name,desc
T,2022-02-09 13:03:39,47.67957455,17.64050119,5,111.790,44.181,0.000,,15,18,20220209-140339,GPS Logger: 20220209-140339
T,2022-02-09 13:03:40,47.67957444,17.64049840,5,111.776,44.181,0.000,,15,17,,
T,2022-02-09 13:03:41,47.67957577,17.64049759,4,112.113,44.181,0.000,,15,17,,
T,2022-02-09 13:03:42,47.67957518,17.64049994,4,112.366,44.181,0.000,,15,17,,
T,2022-02-09 13:03:43,47.67957982,17.64050906,4,112.709,44.181,0.360,33,14,17,,
T,2022-02-09 13:03:44,47.67958335,17.64051583,4,112.351,44.181,0.000,,15,17,,
T,2022-02-09 13:03:45,47.67958949,17.64051809,4,112.220,44.181,0.340,25,15,17,,
T,2022-02-09 13:03:46,47.67959574,17.64053085,4,111.903,44.181,0.770,65,14,17,,
T,2022-02-09 13:03:47,47.67959714,17.64053938,4,111.859,44.181,0.000,,14,17,,
T,2022-02-09 13:03:48,47.67959880,17.64053803,4,112.606,44.181,0.000,,15,17,,
T,2022-02-09 13:03:49,47.67959886,17.64054132,4,112.224,44.181,0.000,,15,17,,
T,2022-02-09 13:03:50,47.67959939,17.64053892,4,112.359,44.181,0.000,,16,17,,
T,2022-02-09 13:03:51,47.67959990,17.64053850,4,112.400,44.181,0.000,,16,17,,
T,2022-02-09 13:03:52,47.67959789,17.64053852,4,112.085,44.181,0.000,,16,17,,
T,2022-02-09 13:03:53,47.67959862,17.64053571,4,112.994,44.181,0.000,,16,17,,
T,2022-02-09 13:03:54,47.67959933,17.64053467,4,113.488,44.181,0.000,,16,17,,
T,2022-02-09 13:03:55,47.67959932,17.64053288,5,113.448,44.181,0.000,,15,17,,
T,2022-02-09 13:03:56,47.67959801,17.64053094,5,113.573,44.181,0.000,,15,17,,
T,2022-02-09 13:03:57,47.67959718,17.64053228,5,113.399,44.181,0.000,,16,17,,
T,2022-02-09 13:03:58,47.67959666,17.64053294,5,113.433,44.181,0.000,,16,17,,
T,2022-02-09 13:03:59,47.67955912,17.64056471,5,113.207,44.181,3.900,144,14,17,,
T,2022-02-09 13:04:00,47.67950434,17.64063249,5,112.248,44.181,5.090,139,14,17,,
T,2022-02-09 13:04:01,47.67945442,17.64069191,6,112.033,44.181,5.880,141,14,17,,
T,2022-02-09 13:04:02,47.67940674,17.64076157,7,111.390,44.181,6.460,137,14,17,,
T,2022-02-09 13:04:03,47.67934846,17.64081591,7,110.587,44.181,6.330,146,15,17,,
T,2022-02-09 13:04:04,47.67929800,17.64088452,8,112.389,44.182,7.150,144,15,17,,
T,2022-02-09 13:04:05,47.67923552,17.64094321,6,113.256,44.182,7.460,149,15,17,,
T,2022-02-09 13:04:06,47.67915889,17.64102296,6,111.483,44.182,8.300,150,15,17,,
T,2022-02-09 13:04:07,47.67908434,17.64108258,5,112.154,44.182,7.550,143,15,17,,
T,2022-02-09 13:04:08,47.67898226,17.64113743,5,110.433,44.182,7.950,146,15,17,,
T,2022-02-09 13:04:09,47.67891841,17.64119121,5,109.438,44.182,7.350,146,14,17,,
T,2022-02-09 13:04:10,47.67887210,17.64123208,5,107.632,44.183,5.860,151,15,17,,
T,2022-02-09 13:04:11,47.67881725,17.64126522,5,107.550,44.183,6.400,152,15,17,,
T,2022-02-09 13:04:12,47.67877786,17.64131505,5,108.986,44.183,5.850,147,15,17,,
T,2022-02-09 13:04:13,47.67873304,17.64136752,5,110.341,44.183,5.720,145,15,17,,
T,2022-02-09 13:04:14,47.67869560,17.64140448,5,113.348,44.183,5.310,150,16,17,,
T,2022-02-09 13:04:15,47.67864227,17.64143965,6,113.741,44.183,5.890,156,16,18,,
T,2022-02-09 13:04:16,47.67858870,17.64145483,5,114.564,44.183,5.660,171,17,18,,
T,2022-02-09 13:04:17,47.67853043,17.64147967,5,114.021,44.183,5.570,177,17,18,,
T,2022-02-09 13:04:18,47.67848147,17.64151720,6,114.171,44.184,5.180,171,17,19,,
T,2022-02-09 13:04:19,47.67844460,17.64154403,6,114.435,44.184,4.690,161,18,19,,
T,2022-02-09 13:04:20,47.67840129,17.64159742,5,115.620,44.184,5.250,147,18,19,,
T,2022-02-09 13:04:21,47.67836190,17.64166436,5,116.454,44.184,5.870,142,18,19,,
T,2022-02-09 13:04:22,47.67831547,17.64171714,5,117.324,44.184,6.340,147,17,19,,
T,2022-02-09 13:04:23,47.67826120,17.64177421,5,118.107,44.184,7.260,153,17,19,,
T,2022-02-09 13:04:24,47.67821294,17.64183087,5,118.763,44.184,7.180,154,17,19,,
T,2022-02-09 13:04:25,47.67814829,17.64187106,6,118.199,44.184,8.090,159,15,19,,
T,2022-02-09 13:04:26,47.67809832,17.64191403,5,117.791,44.184,7.630,160,15,19,,
T,2022-02-09 13:04:27,47.67803597,17.64195301,6,118.741,44.185,8.150,161,15,19,,
T,2022-02-09 13:04:28,47.67799241,17.64200271,6,120.407,44.185,7.130,159,15,19,,
T,2022-02-09 13:04:29,47.67793577,17.64203847,6,121.163,44.185,7.400,161,15,19,,
T,2022-02-09 13:04:30,47.67786028,17.64206983,6,119.275,44.185,7.500,163,13,19,,
T,2022-02-09 13:04:31,47.67779670,17.64210903,6,119.110,44.185,7.040,164,13,19,,
T,2022-02-09 13:04:32,47.67774030,17.64214325,6,120.728,44.185,6.700,165,14,19,,
T,2022-02-09 13:04:33,47.67768786,17.64216546,7,121.137,44.185,6.430,167,15,19,,
T,2022-02-09 13:04:34,47.67764055,17.64219670,7,120.766,44.185,5.910,169,15,19,,
T,2022-02-09 13:04:35,47.67757167,17.64219546,6,120.265,44.186,5.780,173,15,19,,
T,2022-02-09 13:04:36,47.67752150,17.64220747,6,120.694,44.186,5.540,178,15,19,,
T,2022-02-09 13:04:37,47.67748964,17.64220789,6,122.230,44.186,4.840,180,15,19,,
T,2022-02-09 13:04:38,47.67744644,17.64222499,6,122.426,44.186,4.800,179,15,19,,
T,2022-02-09 13:04:39,47.67739980,17.64224217,6,119.667,44.186,4.320,176,15,18,,
T,2022-02-09 13:04:40,47.67737282,17.64225273,6,119.419,44.186,3.120,175,15,18,,
T,2022-02-09 13:04:41,47.67734139,17.64226739,6,118.939,44.186,2.920,175,15,18,,
T,2022-02-09 13:04:42,47.67733344,17.64227329,6,119.531,44.186,1.250,175,15,17,,
T,2022-02-09 13:04:43,47.67733680,17.64227369,6,119.941,44.186,0.000,,15,17,,
T,2022-02-09 13:04:44,47.67733941,17.64227431,6,120.401,44.186,0.000,,15,17,,
T,2022-02-09 13:04:45,47.67733337,17.64227511,6,120.665,44.186,0.650,179,15,17,,
T,2022-02-09 13:04:46,47.67732071,17.64227803,6,120.250,44.186,1.280,176,15,17,,
T,2022-02-09 13:04:47,47.67730408,17.64228708,6,121.473,44.186,1.720,169,13,17,,
T,2022-02-09 13:04:48,47.67728661,17.64229997,11,121.652,44.186,2.070,164,14,16,,
T,2022-02-09 13:04:49,47.67726271,17.64232139,11,122.591,44.186,3.190,164,15,16,,
T,2022-02-09 13:04:50,47.67722976,17.64234294,11,123.139,44.186,3.640,172,15,16,,
T,2022-02-09 13:04:51,47.67719377,17.64236246,11,123.450,44.187,4.220,182,15,16,,
T,2022-02-09 13:04:52,47.67714678,17.64240808,11,123.989,44.187,5.130,184,15,16,,
T,2022-02-09 13:04:53,47.67709612,17.64243824,11,123.374,44.187,5.800,180,15,17,,
T,2022-02-09 13:04:54,47.67703889,17.64245089,12,122.690,44.187,6.030,178,15,17,,
T,2022-02-09 13:04:55,47.67696517,17.64247601,11,121.683,44.187,7.400,176,15,18,,
T,2022-02-09 13:04:56,47.67689031,17.64251100,11,122.059,44.187,8.020,174,15,18,,
T,2022-02-09 13:04:57,47.67682709,17.64252062,11,121.090,44.187,7.810,174,15,18,,
T,2022-02-09 13:04:58,47.67675949,17.64255153,11,122.394,44.188,7.780,174,14,18,,
T,2022-02-09 13:04:59,47.67669451,17.64257637,11,123.090,44.188,8.060,173,15,18,,
T,2022-02-09 13:05:00,47.67660382,17.64257943,12,124.024,44.188,9.150,174,15,18,,
T,2022-02-09 13:05:01,47.67652528,17.64259661,11,123.407,44.188,8.740,173,15,18,,
T,2022-02-09 13:05:02,47.67645042,17.64260715,11,124.423,44.188,8.600,173,15,18,,
T,2022-02-09 13:05:03,47.67637783,17.64262884,12,125.720,44.188,8.350,173,15,18,,
T,2022-02-09 13:05:04,47.67630171,17.64264829,12,125.676,44.189,8.080,173,15,18,,
T,2022-02-09 13:05:05,47.67624584,17.64267575,12,126.949,44.189,7.560,172,15,19,,
T,2022-02-09 13:05:06,47.67616532,17.64270374,12,127.776,44.189,7.420,171,16,19,,
T,2022-02-09 13:05:07,47.67611163,17.64272826,12,127.843,44.189,6.580,171,16,19,,
T,2022-02-09 13:05:08,47.67607346,17.64275859,12,127.882,44.189,5.310,170,15,19,,
T,2022-02-09 13:05:09,47.67602669,17.64276965,12,128.065,44.189,4.340,170,14,18,,
T,2022-02-09 13:05:10,47.67599708,17.64277784,12,127.007,44.189,2.920,170,14,18,,
T,2022-02-09 13:05:11,47.67599499,17.64278267,12,128.431,44.189,1.160,171,14,18,,
T,2022-02-09 13:05:12,47.67598724,17.64278249,12,128.571,44.189,1.000,172,14,19,,
T,2022-02-09 13:05:13,47.67596746,17.64278730,12,128.332,44.189,1.870,172,14,19,,
T,2022-02-09 13:05:14,47.67593838,17.64279446,12,127.384,44.189,2.820,172,14,19,,
T,2022-02-09 13:05:15,47.67589878,17.64280053,12,125.665,44.190,4.280,173,11,19,,
T,2022-02-09 13:05:16,47.67585040,17.64280907,12,124.404,44.190,4.820,172,11,19,,
T,2022-02-09 13:05:17,47.67578478,17.64282125,12,123.951,44.190,6.070,172,10,19,,
T,2022-02-09 13:05:18,47.67572454,17.64282775,12,124.061,44.190,6.870,173,10,19,,
T,2022-02-09 13:05:19,47.67565020,17.64285936,12,123.675,44.190,8.110,172,11,19,,
T,2022-02-09 13:05:20,47.67557541,17.64289019,12,123.953,44.190,8.510,171,11,19,,
T,2022-02-09 13:05:21,47.67549635,17.64291527,12,123.430,44.191,8.800,171,11,19,,
T,2022-02-09 13:05:22,47.67541563,17.64293451,12,122.345,44.191,9.220,169,11,19,,
T,2022-02-09 13:05:23,47.67533872,17.64295971,8,121.906,44.191,9.450,168,13,19,,
T,2022-02-09 13:05:24,47.67525975,17.64300691,7,122.422,44.191,9.620,167,13,19,,
T,2022-02-09 13:05:25,47.67517695,17.64303909,6,121.580,44.191,9.620,166,14,19,,
T,2022-02-09 13:05:26,47.67509928,17.64307582,6,120.571,44.191,9.710,165,15,19,,
T,2022-02-09 13:05:27,47.67501132,17.64311301,6,119.887,44.192,9.790,166,15,19,,
T,2022-02-09 13:05:28,47.67492079,17.64316564,6,119.852,44.192,9.890,169,15,19,,
T,2022-02-09 13:05:29,47.67483701,17.64321147,6,120.477,44.192,9.660,167,15,19,,
T,2022-02-09 13:05:30,47.67474611,17.64324438,6,120.157,44.192,9.990,167,15,19,,
T,2022-02-09 13:05:31,47.67467502,17.64326948,7,119.903,44.192,9.050,167,15,19,,
T,2022-02-09 13:05:32,47.67460984,17.64330925,6,119.513,44.193,8.540,166,15,19,,
T,2022-02-09 13:05:33,47.67453660,17.64335712,6,119.955,44.193,8.320,164,16,19,,
T,2022-02-09 13:05:34,47.67447506,17.64340190,6,121.525,44.193,7.750,163,16,19,,
T,2022-02-09 13:05:35,47.67441505,17.64343190,7,121.239,44.193,6.920,162,16,19,,
T,2022-02-09 13:05:36,47.67435788,17.64346085,7,120.066,44.193,6.600,162,16,19,,
T,2022-02-09 13:05:37,47.67430507,17.64348759,8,119.262,44.193,5.970,162,16,19,,
T,2022-02-09 13:05:38,47.67424624,17.64351478,8,120.070,44.193,6.280,162,16,19,,
T,2022-02-09 13:05:39,47.67419231,17.64354056,8,120.423,44.194,5.810,161,16,18,,
T,2022-02-09 13:05:40,47.67414780,17.64356254,8,120.824,44.194,4.990,160,16,18,,
T,2022-02-09 13:05:41,47.67411133,17.64359072,8,120.948,44.194,4.090,161,17,18,,
T,2022-02-09 13:05:42,47.67407286,17.64358986,8,120.841,44.194,4.260,161,18,19,,
T,2022-02-09 13:05:43,47.67403381,17.64360901,7,121.058,44.194,4.860,160,18,19,,
T,2022-02-09 13:05:44,47.67398295,17.64364271,6,121.289,44.194,5.250,158,18,19,,
T,2022-02-09 13:05:45,47.67395265,17.64367246,6,121.676,44.194,4.550,156,17,18,,
T,2022-02-09 13:05:46,47.67392948,17.64368395,6,121.056,44.194,2.740,156,17,18,,
T,2022-02-09 13:05:47,47.67392717,17.64368233,6,119.412,44.194,0.770,157,17,18,,
T,2022-02-09 13:05:48,47.67392388,17.64367128,7,119.613,44.194,0.000,,16,18,,
T,2022-02-09 13:05:49,47.67392482,17.64367018,7,120.211,44.194,0.000,,16,18,,
T,2022-02-09 13:05:50,47.67392545,17.64367055,7,121.144,44.194,0.000,,17,19,,
T,2022-02-09 13:05:51,47.67392335,17.64366474,7,121.540,44.194,0.000,,15,18,,
T,2022-02-09 13:05:52,47.67392200,17.64366005,7,122.013,44.194,0.000,,15,18,,
T,2022-02-09 13:05:53,47.67392291,17.64365911,7,122.341,44.194,0.000,,16,19,,
T,2022-02-09 13:05:54,47.67392435,17.64365891,7,122.531,44.194,0.000,,14,18,,
T,2022-02-09 13:05:55,47.67392575,17.64366032,7,122.954,44.194,0.000,,14,18,,
T,2022-02-09 13:05:56,47.67392574,17.64365854,7,122.990,44.194,0.000,,14,18,,
T,2022-02-09 13:05:57,47.67392806,17.64366043,7,123.886,44.194,0.000,,15,19,,
T,2022-02-09 13:05:58,47.67392670,17.64365830,7,124.125,44.194,0.000,,15,19,,
T,2022-02-09 13:05:59,47.67390911,17.64365732,6,123.474,44.194,1.190,157,15,19,,
T,2022-02-09 13:06:00,47.67389956,17.64367327,5,123.461,44.194,2.410,157,16,19,,
T,2022-02-09 13:06:01,47.67387086,17.64369275,5,123.053,44.194,3.770,159,15,18,,
T,2022-02-09 13:06:02,47.67382155,17.64371786,4,122.804,44.194,5.040,159,15,18,,
T,2022-02-09 13:06:03,47.67376753,17.64375111,4,121.790,44.195,5.970,159,15,18,,
T,2022-02-09 13:06:04,47.67370617,17.64378305,4,122.045,44.195,7.100,159,15,19,,
T,2022-02-09 13:06:05,47.67363674,17.64381861,4,121.599,44.195,8.010,160,16,19,,
T,2022-02-09 13:06:06,47.67356644,17.64386732,4,121.434,44.195,8.190,159,16,19,,
T,2022-02-09 13:06:07,47.67348287,17.64391301,4,123.340,44.195,9.560,159,15,19,,
T,2022-02-09 13:06:08,47.67339785,17.64396507,4,122.759,44.195,10.110,159,16,19,,
T,2022-02-09 13:06:09,47.67331807,17.64401153,5,123.042,44.196,9.710,158,16,18,,
T,2022-02-09 13:06:10,47.67321782,17.64407151,4,124.471,44.196,10.480,159,16,18,,
T,2022-02-09 13:06:11,47.67312600,17.64411560,4,125.319,44.196,10.050,159,15,18,,
T,2022-02-09 13:06:12,47.67304402,17.64415593,4,122.075,44.196,9.700,160,13,19,,
T,2022-02-09 13:06:13,47.67296714,17.64420801,4,121.570,44.197,9.390,159,14,18,,
T,2022-02-09 13:06:14,47.67288957,17.64424167,4,119.670,44.197,8.960,160,15,18,,
T,2022-02-09 13:06:15,47.67281438,17.64428664,4,119.439,44.197,8.380,160,14,18,,
T,2022-02-09 13:06:16,47.67274520,17.64432638,4,118.797,44.197,7.650,161,14,18,,
T,2022-02-09 13:06:17,47.67268733,17.64433717,4,116.376,44.197,6.540,163,15,18,,
T,2022-02-09 13:06:18,47.67263781,17.64435218,4,115.627,44.197,5.360,167,15,18,,
T,2022-02-09 13:06:19,47.67258732,17.64435858,5,114.088,44.197,5.120,173,12,18,,
T,2022-02-09 13:06:20,47.67253513,17.64433787,4,113.021,44.198,5.300,188,16,18,,
T,2022-02-09 13:06:21,47.67249088,17.64431885,4,111.171,44.198,5.030,190,12,18,,
T,2022-02-09 13:06:22,47.67244565,17.64431310,4,110.313,44.198,4.950,185,13,18,,
T,2022-02-09 13:06:23,47.67239949,17.64433705,4,109.966,44.198,4.680,167,13,18,,
T,2022-02-09 13:06:24,47.67235765,17.64436494,4,109.184,44.198,4.920,151,12,18,,
T,2022-02-09 13:06:25,47.67231391,17.64442635,4,109.652,44.198,5.500,145,13,18,,
T,2022-02-09 13:06:26,47.67227763,17.64448259,4,112.227,44.198,5.520,151,14,18,,
T,2022-02-09 13:06:27,47.67221121,17.64455396,4,112.996,44.198,6.180,153,15,18,,
T,2022-02-09 13:06:28,47.67215795,17.64458868,4,113.391,44.198,5.870,158,16,18,,
T,2022-02-09 13:06:29,47.67210764,17.64461490,4,113.315,44.199,5.570,162,14,18,,
T,2022-02-09 13:06:30,47.67205827,17.64463977,4,113.246,44.199,5.220,164,15,18,,
T,2022-02-09 13:06:31,47.67200285,17.64466736,4,114.337,44.199,5.120,162,15,18,,
T,2022-02-09 13:06:32,47.67196480,17.64469332,4,114.678,44.199,4.000,159,15,18,,
T,2022-02-09 13:06:33,47.67194082,17.64471314,4,114.962,44.199,1.960,158,16,18,,
T,2022-02-09 13:06:34,47.67193230,17.64472044,4,114.717,44.199,0.160,158,14,18,,
T,2022-02-09 13:06:35,47.67192836,17.64472310,4,114.803,44.199,0.160,159,14,18,,
T,2022-02-09 13:06:36,47.67192680,17.64472197,4,115.279,44.199,0.000,,11,18,,
T,2022-02-09 13:06:37,47.67192619,17.64472246,4,115.146,44.199,0.000,,12,18,,
T,2022-02-09 13:06:38,47.67192466,17.64472317,4,114.784,44.199,0.000,,12,18,,
T,2022-02-09 13:06:39,47.67192473,17.64472323,4,114.781,44.199,0.000,,14,18,,
T,2022-02-09 13:06:40,47.67192467,17.64472317,4,114.772,44.199,0.000,,14,18,,
T,2022-02-09 13:06:41,47.67192462,17.64472314,4,114.769,44.199,0.000,,14,18,,
T,2022-02-09 13:06:42,47.67192463,17.64472316,4,114.767,44.199,0.000,,14,18,,
T,2022-02-09 13:06:43,47.67192465,17.64472312,4,114.761,44.199,0.000,,15,18,,
T,2022-02-09 13:06:44,47.67192464,17.64472310,4,114.774,44.199,0.000,,15,18,,
T,2022-02-09 13:06:45,47.67191260,17.64473242,4,113.383,44.199,0.310,159,14,18,,
T,2022-02-09 13:06:46,47.67190759,17.64473904,4,113.763,44.199,0.930,160,13,18,,
T,2022-02-09 13:06:47,47.67189511,17.64475053,4,114.177,44.199,1.890,158,15,17,,
T,2022-02-09 13:06:48,47.67187889,17.64477040,4,114.558,44.199,2.810,153,14,17,,
T,2022-02-09 13:06:49,47.67185537,17.64479808,4,114.966,44.199,3.510,147,15,17,,
T,2022-02-09 13:06:50,47.67182732,17.64483453,4,116.248,44.199,4.230,144,15,17,,
T,2022-02-09 13:06:51,47.67180136,17.64486363,4,116.836,44.199,4.490,146,13,18,,
T,2022-02-09 13:06:52,47.67175964,17.64489684,4,117.138,44.199,5.080,151,15,18,,
T,2022-02-09 13:06:53,47.67171515,17.64493514,4,118.112,44.199,5.500,154,14,18,,
T,2022-02-09 13:06:54,47.67167273,17.64496900,4,118.719,44.200,5.420,152,16,18,,
T,2022-02-09 13:06:55,47.67162394,17.64501203,4,119.599,44.200,5.670,150,13,18,,
T,2022-02-09 13:06:56,47.67157802,17.64505181,4,120.488,44.200,5.610,150,15,18,,
T,2022-02-09 13:06:57,47.67153249,17.64509003,4,120.728,44.200,5.510,149,15,18,,
T,2022-02-09 13:06:58,47.67148782,17.64513381,4,121.423,44.200,5.500,148,15,18,,
T,2022-02-09 13:06:59,47.67144287,17.64517859,4,122.071,44.200,5.610,148,15,18,,
T,2022-02-09 13:07:00,47.67139270,17.64522837,4,122.518,44.200,5.950,147,16,18,,
T,2022-02-09 13:07:01,47.67134380,17.64527788,4,122.123,44.200,6.460,146,15,18,,
T,2022-02-09 13:07:02,47.67129477,17.64533067,4,121.518,44.200,6.960,145,14,18,,
T,2022-02-09 13:07:03,47.67124503,17.64539596,4,121.522,44.201,7.370,143,15,18,,
T,2022-02-09 13:07:04,47.67119073,17.64545963,4,121.476,44.201,7.750,142,14,18,,
T,2022-02-09 13:07:05,47.67113686,17.64552651,4,121.114,44.201,8.040,142,14,18,,
T,2022-02-09 13:07:06,47.67107544,17.64558983,4,120.623,44.201,8.320,143,15,18,,
T,2022-02-09 13:07:07,47.67101592,17.64564657,4,119.977,44.201,8.220,144,15,18,,
T,2022-02-09 13:07:08,47.67095490,17.64570313,5,118.259,44.201,7.960,146,14,18,,
T,2022-02-09 13:07:09,47.67089723,17.64575113,5,118.218,44.201,7.630,147,14,18,,
T,2022-02-09 13:07:10,47.67084008,17.64579420,5,117.687,44.202,7.300,149,14,18,,
T,2022-02-09 13:07:11,47.67078488,17.64584287,5,117.270,44.202,7.100,149,14,18,,
T,2022-02-09 13:07:12,47.67072676,17.64588879,5,116.404,44.202,6.880,150,13,18,,
T,2022-02-09 13:07:13,47.67067326,17.64593292,5,116.401,44.202,6.460,150,15,18,,
T,2022-02-09 13:07:14,47.67064119,17.64599718,4,117.096,44.202,6.070,148,16,18,,
T,2022-02-09 13:07:15,47.67059357,17.64603550,4,117.420,44.202,5.750,149,15,18,,
T,2022-02-09 13:07:16,47.67054994,17.64606968,4,117.293,44.202,4.850,149,13,18,,
T,2022-02-09 13:07:17,47.67051760,17.64609277,4,116.873,44.202,3.600,151,12,18,,
T,2022-02-09 13:07:18,47.67049616,17.64611328,4,116.936,44.202,1.930,151,15,18,,
T,2022-02-09 13:07:19,47.67048862,17.64611960,4,117.144,44.202,0.340,153,16,18,,
T,2022-02-09 13:07:20,47.67048450,17.64611950,5,116.878,44.202,0.000,,15,18,,
T,2022-02-09 13:07:21,47.67048349,17.64611863,5,116.811,44.202,0.000,,13,18,,
T,2022-02-09 13:07:22,47.67048352,17.64611860,5,116.818,44.202,0.000,,13,18,,
T,2022-02-09 13:07:23,47.67048351,17.64611860,5,116.821,44.202,0.000,,12,18,,
T,2022-02-09 13:07:24,47.67048351,17.64611872,5,116.820,44.202,0.000,,12,18,,
T,2022-02-09 13:07:25,47.67048360,17.64611866,5,116.836,44.202,0.000,,12,18,,
T,2022-02-09 13:07:26,47.67048482,17.64612356,5,117.268,44.202,0.390,155,12,18,,
T,2022-02-09 13:07:27,47.67047602,17.64612786,5,116.898,44.202,1.080,155,15,18,,
T,2022-02-09 13:07:28,47.67046334,17.64613518,5,116.955,44.202,1.760,155,15,18,,
T,2022-02-09 13:07:29,47.67045701,17.64615092,4,117.717,44.202,2.120,155,12,18,,
T,2022-02-09 13:07:30,47.67043288,17.64616807,4,117.572,44.202,2.920,155,15,18,,
T,2022-02-09 13:07:31,47.67040811,17.64619113,4,118.175,44.203,3.520,155,15,18,,
T,2022-02-09 13:07:32,47.67037199,17.64622068,4,118.859,44.203,4.360,155,15,18,,
T,2022-02-09 13:07:33,47.67032776,17.64624513,4,118.808,44.203,5.260,159,14,18,,
T,2022-02-09 13:07:34,47.67027674,17.64627712,4,119.163,44.203,6.000,161,15,18,,
T,2022-02-09 13:07:35,47.67022358,17.64632537,4,118.352,44.203,6.550,161,13,18,,
T,2022-02-09 13:07:36,47.67016620,17.64635604,4,117.885,44.203,6.600,159,13,18,,
T,2022-02-09 13:07:37,47.67010503,17.64638020,4,117.726,44.203,6.510,158,12,18,,
T,2022-02-09 13:07:38,47.67004628,17.64640247,4,117.103,44.203,6.160,157,14,18,,
T,2022-02-09 13:07:39,47.66999400,17.64642509,4,116.821,44.204,5.670,156,14,18,,
T,2022-02-09 13:07:40,47.66994350,17.64644953,4,116.587,44.204,5.210,157,16,17,,
T,2022-02-09 13:07:41,47.66990252,17.64647374,4,116.813,44.204,4.490,157,13,17,,
T,2022-02-09 13:07:42,47.66986500,17.64649406,4,116.837,44.204,3.620,157,14,17,,
T,2022-02-09 13:07:43,47.66984279,17.64650800,4,117.037,44.204,2.140,156,14,17,,
T,2022-02-09 13:07:44,47.66983389,17.64651593,4,116.181,44.204,0.800,157,13,17,,
T,2022-02-09 13:07:45,47.66983237,17.64651634,4,115.440,44.204,0.220,158,15,17,,
T,2022-02-09 13:07:46,47.66983196,17.64651573,4,114.958,44.204,0.000,,12,17,,
T,2022-02-09 13:07:47,47.66983266,17.64651376,4,115.032,44.204,0.000,,12,17,,
T,2022-02-09 13:07:48,47.66983267,17.64651370,4,115.036,44.204,0.000,,12,17,,
T,2022-02-09 13:07:49,47.66983266,17.64651370,4,115.044,44.204,0.000,,12,17,,
T,2022-02-09 13:07:50,47.66983258,17.64651364,4,115.053,44.204,0.000,,12,17,,
T,2022-02-09 13:07:51,47.66983258,17.64651364,5,115.054,44.204,0.000,,12,17,,
T,2022-02-09 13:07:52,47.66983259,17.64651369,5,115.055,44.204,0.000,,12,17,,
T,2022-02-09 13:07:53,47.66983259,17.64651368,5,115.056,44.204,0.000,,12,17,,
T,2022-02-09 13:07:54,47.66983265,17.64651371,5,115.055,44.204,0.000,,12,17,,
T,2022-02-09 13:07:55,47.66983265,17.64651370,5,115.055,44.204,0.000,,13,17,,
T,2022-02-09 13:07:56,47.66983264,17.64651370,5,115.056,44.204,0.000,,13,17,,
T,2022-02-09 13:07:57,47.66983262,17.64651372,5,115.054,44.204,0.000,,13,17,,
T,2022-02-09 13:07:58,47.66983263,17.64651375,5,115.053,44.204,0.000,,13,17,,
T,2022-02-09 13:07:59,47.66983259,17.64651369,5,115.053,44.204,0.000,,13,17,,
T,2022-02-09 13:08:00,47.66983259,17.64651366,5,115.052,44.204,0.000,,14,17,,
T,2022-02-09 13:08:01,47.66983264,17.64651370,5,115.053,44.204,0.000,,14,17,,
T,2022-02-09 13:08:02,47.66983267,17.64651370,5,115.053,44.204,0.000,,13,17,,
T,2022-02-09 13:08:03,47.66983270,17.64651362,5,115.055,44.204,0.000,,13,16,,
T,2022-02-09 13:08:04,47.66983262,17.64651362,5,115.057,44.204,0.000,,13,16,,
T,2022-02-09 13:08:05,47.66983262,17.64651365,5,115.056,44.204,0.000,,13,16,,
T,2022-02-09 13:08:06,47.66983259,17.64651367,5,115.056,44.204,0.000,,12,16,,
T,2022-02-09 13:08:07,47.66983258,17.64651374,5,115.056,44.204,0.000,,13,16,,
T,2022-02-09 13:08:08,47.66983256,17.64651378,5,115.055,44.204,0.000,,13,16,,
T,2022-02-09 13:08:09,47.66983261,17.64651374,5,115.057,44.204,0.000,,12,16,,
T,2022-02-09 13:08:10,47.66983265,17.64651370,5,115.058,44.204,0.000,,11,16,,
T,2022-02-09 13:08:11,47.66983261,17.64651365,5,115.057,44.204,0.000,,11,17,,
T,2022-02-09 13:08:12,47.66983261,17.64651368,5,115.057,44.204,0.000,,12,17,,
T,2022-02-09 13:08:13,47.66983259,17.64651369,5,115.054,44.204,0.000,,12,17,,
T,2022-02-09 13:08:14,47.66983261,17.64651371,5,115.053,44.204,0.000,,11,17,,
T,2022-02-09 13:08:15,47.66983262,17.64651367,6,115.055,44.204,0.000,,11,17,,
T,2022-02-09 13:08:16,47.66983259,17.64651362,6,115.056,44.204,0.000,,11,17,,
T,2022-02-09 13:08:17,47.66983253,17.64651368,7,115.056,44.204,0.000,,11,17,,
T,2022-02-09 13:08:18,47.66979801,17.64650834,7,114.864,44.204,0.460,160,11,17,,
T,2022-02-09 13:08:19,47.66979246,17.64651193,6,115.245,44.204,1.000,160,12,17,,
T,2022-02-09 13:08:20,47.66977769,17.64651900,6,115.699,44.204,1.770,160,13,17,,
T,2022-02-09 13:08:21,47.66975499,17.64652927,6,115.848,44.204,2.650,160,13,17,,
T,2022-02-09 13:08:22,47.66972764,17.64654632,5,116.448,44.204,3.460,160,14,17,,
T,2022-02-09 13:08:23,47.66969060,17.64656000,5,116.337,44.204,4.360,160,15,17,,
T,2022-02-09 13:08:24,47.66964701,17.64657637,5,116.577,44.204,5.210,162,13,17,,
T,2022-02-09 13:08:25,47.66959460,17.64659290,5,116.347,44.204,6.120,163,13,18,,
T,2022-02-09 13:08:26,47.66953911,17.64662048,4,116.756,44.205,6.710,162,12,18,,
T,2022-02-09 13:08:27,47.66947853,17.64664950,4,117.004,44.205,7.180,162,13,18,,
T,2022-02-09 13:08:28,47.66941373,17.64667776,4,116.423,44.205,7.670,162,12,18,,
T,2022-02-09 13:08:29,47.66934649,17.64671291,4,116.273,44.205,8.010,161,14,18,,
T,2022-02-09 13:08:30,47.66927854,17.64674477,4,115.616,44.205,8.200,161,13,18,,
T,2022-02-09 13:08:31,47.66920648,17.64678074,4,115.202,44.205,8.620,161,15,18,,
T,2022-02-09 13:08:32,47.66913145,17.64681336,4,114.829,44.206,9.070,161,15,18,,
T,2022-02-09 13:08:33,47.66905232,17.64685458,4,115.057,44.206,9.360,162,14,18,,
T,2022-02-09 13:08:34,47.66897191,17.64689259,4,115.374,44.206,9.500,163,15,18,,
T,2022-02-09 13:08:35,47.66888777,17.64693001,4,115.567,44.206,9.760,163,14,18,,
T,2022-02-09 13:08:36,47.66879960,17.64696984,4,115.723,44.206,9.970,163,12,18,,
T,2022-02-09 13:08:37,47.66871509,17.64701009,4,115.654,44.207,10.210,163,15,18,,
T,2022-02-09 13:08:38,47.66862634,17.64704758,4,115.064,44.207,10.570,163,15,18,,
T,2022-02-09 13:08:39,47.66853736,17.64709502,4,115.568,44.207,10.680,163,17,18,,
T,2022-02-09 13:08:40,47.66844632,17.64713647,4,115.606,44.207,10.870,163,14,18,,
T,2022-02-09 13:08:41,47.66835176,17.64718475,4,115.853,44.207,10.880,162,13,18,,
T,2022-02-09 13:08:42,47.66825696,17.64722928,4,115.926,44.208,10.880,162,13,18,,
T,2022-02-09 13:08:43,47.66816545,17.64727543,4,115.898,44.208,10.740,161,11,18,,
T,2022-02-09 13:08:44,47.66807166,17.64732358,4,115.871,44.208,10.660,161,11,18,,
T,2022-02-09 13:08:45,47.66798291,17.64736758,4,116.083,44.208,10.490,160,13,18,,
T,2022-02-09 13:08:46,47.66789672,17.64741623,4,116.157,44.208,10.210,159,15,18,,
T,2022-02-09 13:08:47,47.66781333,17.64746420,4,116.169,44.209,9.760,158,15,18,,
T,2022-02-09 13:08:48,47.66773522,17.64751291,4,116.356,44.209,9.320,158,14,18,,
T,2022-02-09 13:08:49,47.66766070,17.64755965,4,116.561,44.209,8.830,158,14,18,,
T,2022-02-09 13:08:50,47.66758723,17.64760402,4,116.650,44.209,8.540,158,13,18,,
T,2022-02-09 13:08:51,47.66752000,17.64764573,4,117.083,44.209,8.040,158,12,18,,
T,2022-02-09 13:08:52,47.66745314,17.64768669,4,117.398,44.210,7.660,158,13,18,,
T,2022-02-09 13:08:53,47.66739458,17.64772310,4,117.440,44.210,7.110,157,14,18,,
T,2022-02-09 13:08:54,47.66734304,17.64775811,4,117.361,44.210,5.900,157,15,18,,
T,2022-02-09 13:08:55,47.66730996,17.64778252,4,117.267,44.210,3.830,156,14,18,,
T,2022-02-09 13:08:56,47.66729006,17.64779359,4,116.615,44.210,1.490,156,15,18,,
T,2022-02-09 13:08:57,47.66728627,17.64779707,5,116.573,44.210,0.360,157,13,18,,
T,2022-02-09 13:08:58,47.66728413,17.64779667,5,116.791,44.210,0.000,,12,18,,
T,2022-02-09 13:08:59,47.66728375,17.64779479,6,116.923,44.210,0.000,,13,18,,
T,2022-02-09 13:09:00,47.66728371,17.64779472,6,116.935,44.210,0.000,,15,17,,
T,2022-02-09 13:09:01,47.66728365,17.64779476,6,116.926,44.210,0.000,,14,17,,
T,2022-02-09 13:09:02,47.66728369,17.64779473,6,116.928,44.210,0.000,,15,17,,
T,2022-02-09 13:09:03,47.66728361,17.64779486,6,116.927,44.210,0.000,,12,17,,
T,2022-02-09 13:09:04,47.66727865,17.64779397,6,116.824,44.210,0.480,158,14,17,,
T,2022-02-09 13:09:05,47.66727076,17.64779736,6,117.028,44.210,0.940,158,11,17,,
T,2022-02-09 13:09:06,47.66726042,17.64780331,6,117.228,44.210,1.210,158,11,17,,
T,2022-02-09 13:09:07,47.66724918,17.64781014,6,117.063,44.210,1.340,158,11,17,,
T,2022-02-09 13:09:08,47.66723873,17.64781773,6,116.867,44.210,1.350,158,12,17,,
T,2022-02-09 13:09:09,47.66723307,17.64782278,5,116.807,44.210,0.410,157,12,17,,
T,2022-02-09 13:09:10,47.66723004,17.64782474,5,116.841,44.210,0.190,158,13,17,,
T,2022-02-09 13:09:11,47.66722322,17.64782827,5,116.829,44.210,0.990,158,12,16,,
T,2022-02-09 13:09:12,47.66720976,17.64783558,5,116.569,44.210,1.820,158,13,16,,
T,2022-02-09 13:09:13,47.66718864,17.64784627,5,116.240,44.210,2.550,158,13,16,,
T,2022-02-09 13:09:14,47.66716670,17.64786247,5,116.219,44.210,2.910,158,12,17,,
T,2022-02-09 13:09:15,47.66714338,17.64787660,5,115.795,44.210,2.720,158,12,17,,
T,2022-02-09 13:09:16,47.66712293,17.64789061,5,115.796,44.210,2.270,159,12,18,,
T,2022-02-09 13:09:17,47.66711148,17.64790011,4,115.717,44.210,1.270,158,12,18,,
T,2022-02-09 13:09:18,47.66710582,17.64790418,4,115.694,44.210,0.420,158,13,19,,
T,2022-02-09 13:09:19,47.66709876,17.64790820,4,116.072,44.210,0.950,159,12,19,,
T,2022-02-09 13:09:20,47.66708631,17.64791974,4,115.847,44.210,2.240,159,14,19,,
T,2022-02-09 13:09:21,47.66705915,17.64793252,4,115.782,44.210,3.470,160,14,19,,
T,2022-02-09 13:09:22,47.66702259,17.64794687,4,115.823,44.211,4.570,164,14,19,,
T,2022-02-09 13:09:23,47.66697293,17.64795483,4,115.599,44.211,5.800,171,17,19,,
T,2022-02-09 13:09:24,47.66691565,17.64795743,4,115.345,44.211,6.630,179,17,19,,
T,2022-02-09 13:09:25,47.66685582,17.64796321,4,115.569,44.211,6.860,179,16,19,,
T,2022-02-09 13:09:26,47.66680146,17.64798734,4,115.728,44.211,6.530,169,15,19,,
T,2022-02-09 13:09:27,47.66674878,17.64802808,4,115.696,44.211,6.650,154,17,19,,
T,2022-02-09 13:09:28,47.66670327,17.64809182,4,115.382,44.211,7.350,139,15,19,,
T,2022-02-09 13:09:29,47.66665864,17.64817949,4,115.441,44.211,8.450,130,17,19,,
T,2022-02-09 13:09:30,47.66660621,17.64827194,4,115.740,44.211,9.160,130,14,19,,
T,2022-02-09 13:09:31,47.66654526,17.64835129,4,115.890,44.212,9.290,139,16,19,,
T,2022-02-09 13:09:32,47.66647355,17.64842804,4,115.896,44.212,9.640,146,15,19,,
T,2022-02-09 13:09:33,47.66640410,17.64849222,4,115.902,44.212,9.660,149,14,19,,
T,2022-02-09 13:09:34,47.66632924,17.64855558,4,115.899,44.212,9.630,151,14,19,,
T,2022-02-09 13:09:35,47.66625370,17.64862189,4,116.034,44.212,9.820,151,14,19,,
T,2022-02-09 13:09:36,47.66617783,17.64868514,4,116.045,44.213,10.090,152,13,19,,
T,2022-02-09 13:09:37,47.66609307,17.64874954,4,115.909,44.213,10.330,153,12,18,,
T,2022-02-09 13:09:38,47.66600834,17.64880735,4,115.854,44.213,10.430,156,11,18,,
T,2022-02-09 13:09:39,47.66592189,17.64887125,4,116.432,44.213,10.560,157,13,19,,
T,2022-02-09 13:09:40,47.66583097,17.64892308,4,116.409,44.213,10.720,159,15,18,,
T,2022-02-09 13:09:41,47.66574167,17.64896924,4,116.054,44.214,10.870,161,14,18,,
T,2022-02-09 13:09:42,47.66564692,17.64901412,4,116.162,44.214,10.960,162,15,19,,
T,2022-02-09 13:09:43,47.66555246,17.64905971,4,116.252,44.214,10.940,162,16,19,,
T,2022-02-09 13:09:44,47.66545871,17.64910488,4,116.354,44.214,10.900,163,16,19,,
T,2022-02-09 13:09:45,47.66536723,17.64915121,4,116.714,44.214,10.700,162,14,19,,
T,2022-02-09 13:09:46,47.66527714,17.64919543,4,116.820,44.215,10.420,162,15,19,,
T,2022-02-09 13:09:47,47.66518991,17.64923893,4,116.787,44.215,10.190,161,15,19,,
T,2022-02-09 13:09:48,47.66510300,17.64928191,4,116.720,44.215,10.070,161,14,19,,
T,2022-02-09 13:09:49,47.66501690,17.64932578,4,116.640,44.215,10.100,161,14,19,,
T,2022-02-09 13:09:50,47.66493214,17.64937220,4,116.454,44.215,10.090,160,14,19,,
T,2022-02-09 13:09:51,47.66484659,17.64942453,4,116.339,44.216,10.130,158,17,19,,
T,2022-02-09 13:09:52,47.66476700,17.64948043,4,116.638,44.216,9.920,156,16,19,,
T,2022-02-09 13:09:53,47.66468561,17.64953684,4,117.043,44.216,9.680,155,15,19,,
T,2022-02-09 13:09:54,47.66460627,17.64959026,4,117.117,44.216,9.530,155,16,19,,
T,2022-02-09 13:09:55,47.66452886,17.64964375,4,117.034,44.216,9.330,154,15,19,,
T,2022-02-09 13:09:56,47.66445162,17.64969914,4,117.044,44.217,9.090,153,15,19,,
T,2022-02-09 13:09:57,47.66438401,17.64974807,4,117.131,44.217,8.680,153,14,19,,
T,2022-02-09 13:09:58,47.66431475,17.64979661,4,117.017,44.217,8.400,155,16,19,,
T,2022-02-09 13:09:59,47.66424689,17.64983494,4,116.469,44.217,8.060,158,15,19,,
T,2022-02-09 13:10:00,47.66418336,17.64986785,4,116.261,44.217,7.470,161,15,19,,
T,2022-02-09 13:10:01,47.66412040,17.64989709,4,116.349,44.217,6.830,162,16,19,,
T,2022-02-09 13:10:02,47.66406734,17.64992333,4,116.236,44.217,5.750,161,16,19,,
T,2022-02-09 13:10:03,47.66402796,17.64994720,4,116.092,44.218,4.170,158,16,19,,
T,2022-02-09 13:10:04,47.66400261,17.64996180,4,115.838,44.218,2.240,156,15,19,,
T,2022-02-09 13:10:05,47.66399257,17.64996700,4,115.577,44.218,0.490,156,14,19,,
T,2022-02-09 13:10:06,47.66399015,17.64996909,4,115.596,44.218,0.150,157,15,19,,
T,2022-02-09 13:10:07,47.66398972,17.64996962,4,115.461,44.218,0.000,,14,19,,
T,2022-02-09 13:10:08,47.66398974,17.64996969,4,115.453,44.218,0.000,,14,19,,
T,2022-02-09 13:10:09,47.66398976,17.64996972,4,115.456,44.218,0.000,,14,19,,
T,2022-02-09 13:10:10,47.66398978,17.64996977,4,115.459,44.218,0.000,,14,19,,
T,2022-02-09 13:10:11,47.66398979,17.64996977,4,115.464,44.218,0.000,,14,19,,
T,2022-02-09 13:10:12,47.66398976,17.64996973,4,115.466,44.218,0.000,,14,19,,
T,2022-02-09 13:10:13,47.66398977,17.64996964,4,115.467,44.218,0.000,,14,19,,
T,2022-02-09 13:10:14,47.66398976,17.64996957,4,115.468,44.218,0.000,,14,19,,
T,2022-02-09 13:10:15,47.66398976,17.64996964,4,115.466,44.218,0.000,,13,19,,
T,2022-02-09 13:10:16,47.66398974,17.64996965,4,115.468,44.218,0.000,,14,19,,
T,2022-02-09 13:10:17,47.66398977,17.64996968,4,115.468,44.218,0.000,,13,19,,
T,2022-02-09 13:10:18,47.66398972,17.64996958,4,115.472,44.218,0.000,,14,19,,
T,2022-02-09 13:10:19,47.66398243,17.64997321,4,114.585,44.218,0.320,157,15,19,,
T,2022-02-09 13:10:20,47.66397402,17.64998061,4,114.355,44.218,1.380,156,15,19,,
T,2022-02-09 13:10:21,47.66395961,17.64999893,4,114.631,44.218,2.450,151,14,19,,
T,2022-02-09 13:10:22,47.66393861,17.65002209,4,114.770,44.218,3.310,147,14,19,,
T,2022-02-09 13:10:23,47.66390834,17.65004939,4,114.741,44.218,4.300,146,15,19,,
T,2022-02-09 13:10:24,47.66386923,17.65008051,4,114.715,44.218,5.360,149,14,19,,
T,2022-02-09 13:10:25,47.66382194,17.65011647,4,114.773,44.218,6.320,153,15,19,,
T,2022-02-09 13:10:26,47.66376776,17.65014858,4,114.009,44.218,7.140,159,14,19,,
T,2022-02-09 13:10:27,47.66370401,17.65018695,4,114.333,44.218,7.810,161,14,19,,
T,2022-02-09 13:10:28,47.66363537,17.65022591,4,114.201,44.219,8.420,161,16,19,,
T,2022-02-09 13:10:29,47.66356323,17.65027028,4,114.088,44.219,9.070,160,16,18,,
T,2022-02-09 13:10:30,47.66348484,17.65031717,4,114.293,44.219,9.550,160,16,18,,
T,2022-02-09 13:10:31,47.66340489,17.65036545,4,114.384,44.219,9.740,160,16,18,,
T,2022-02-09 13:10:32,47.66332339,17.65041336,4,114.392,44.219,9.950,159,16,19,,
T,2022-02-09 13:10:33,47.66323812,17.65046208,4,114.554,44.219,10.180,159,18,19,,
T,2022-02-09 13:10:34,47.66315151,17.65050745,4,114.435,44.220,10.300,159,16,19,,
T,2022-02-09 13:10:35,47.66306627,17.65055540,4,113.980,44.220,10.280,159,16,19,,
T,2022-02-09 13:10:36,47.66297672,17.65060798,4,113.954,44.220,10.350,158,16,19,,
T,2022-02-09 13:10:37,47.66289373,17.65065903,4,114.271,44.220,10.350,158,15,19,,
T,2022-02-09 13:10:38,47.66280803,17.65071351,4,114.058,44.220,10.320,157,14,19,,
T,2022-02-09 13:10:39,47.66272326,17.65076866,4,114.185,44.221,10.310,156,14,19,,
T,2022-02-09 13:10:40,47.66264075,17.65082460,4,114.296,44.221,10.310,156,15,19,,
T,2022-02-09 13:10:41,47.66255297,17.65088561,4,114.612,44.221,10.370,155,15,19,,
T,2022-02-09 13:10:42,47.66247123,17.65094573,4,114.856,44.221,10.290,153,16,19,,
T,2022-02-09 13:10:43,47.66238872,17.65100816,4,114.746,44.221,10.260,152,16,19,,
T,2022-02-09 13:10:44,47.66230384,17.65107360,4,114.568,44.222,10.360,152,15,19,,
T,2022-02-09 13:10:45,47.66222481,17.65113964,4,114.562,44.222,10.370,151,14,19,,
T,2022-02-09 13:10:46,47.66214403,17.65120722,4,114.555,44.222,10.410,150,13,18,,
T,2022-02-09 13:10:47,47.66206123,17.65127978,4,114.465,44.222,10.660,148,14,18,,
T,2022-02-09 13:10:48,47.66197929,17.65135694,4,114.752,44.222,10.890,147,15,18,,
T,2022-02-09 13:10:49,47.66189751,17.65143898,4,114.827,44.223,11.100,146,15,18,,
T,2022-02-09 13:10:50,47.66181385,17.65152168,4,114.677,44.223,11.300,146,17,19,,
T,2022-02-09 13:10:51,47.66173075,17.65160846,4,114.646,44.223,11.380,145,15,19,,
T,2022-02-09 13:10:52,47.66164769,17.65169670,4,114.534,44.223,11.450,144,13,19,,
T,2022-02-09 13:10:53,47.66156502,17.65179055,4,114.747,44.223,11.560,142,16,19,,
T,2022-02-09 13:10:54,47.66148176,17.65188564,4,114.745,44.224,11.600,142,12,19,,
T,2022-02-09 13:10:55,47.66139649,17.65197810,4,114.957,44.224,11.670,142,16,19,,
T,2022-02-09 13:10:56,47.66131499,17.65207308,4,115.050,44.224,11.690,142,17,19,,
T,2022-02-09 13:10:57,47.66123333,17.65217228,4,115.402,44.224,11.680,142,16,19,,
T,2022-02-09 13:10:58,47.66115092,17.65227082,4,115.494,44.224,11.750,141,17,19,,
T,2022-02-09 13:10:59,47.66106852,17.65236899,4,115.603,44.225,11.790,141,17,19,,
T,2022-02-09 13:11:00,47.66098203,17.65247011,4,115.639,44.225,11.890,142,16,19,,
T,2022-02-09 13:11:01,47.66090078,17.65256289,4,115.665,44.225,11.910,142,17,19,,
T,2022-02-09 13:11:02,47.66081724,17.65266106,4,115.485,44.225,11.850,142,17,18,,
T,2022-02-09 13:11:03,47.66073469,17.65275892,4,115.203,44.225,11.850,142,14,18,,
T,2022-02-09 13:11:04,47.66065449,17.65285579,4,114.835,44.226,11.870,141,16,19,,
T,2022-02-09 13:11:05,47.66056882,17.65295823,4,114.908,44.226,11.870,141,15,19,,
T,2022-02-09 13:11:06,47.66048442,17.65305829,4,114.892,44.226,11.920,141,16,19,,
T,2022-02-09 13:11:07,47.66040190,17.65315602,4,115.065,44.226,11.790,141,17,19,,
T,2022-02-09 13:11:08,47.66031697,17.65325704,4,115.434,44.226,11.700,141,15,19,,
T,2022-02-09 13:11:09,47.66023746,17.65335174,4,115.327,44.227,11.670,142,17,19,,
T,2022-02-09 13:11:10,47.66015553,17.65344644,4,115.314,44.227,11.690,142,13,19,,
T,2022-02-09 13:11:11,47.66007087,17.65354239,4,115.595,44.227,11.770,142,18,19,,
T,2022-02-09 13:11:12,47.65998861,17.65363732,4,115.544,44.227,11.800,142,17,19,,
T,2022-02-09 13:11:13,47.65990460,17.65373219,4,115.569,44.227,11.730,143,14,19,,
T,2022-02-09 13:11:14,47.65982319,17.65382732,4,115.595,44.227,11.630,143,14,19,,
T,2022-02-09 13:11:15,47.65974035,17.65392112,4,115.841,44.228,11.600,143,17,19,,
T,2022-02-09 13:11:16,47.65965419,17.65401620,4,115.730,44.228,11.650,143,16,19,,
T,2022-02-09 13:11:17,47.65957275,17.65410453,4,115.788,44.228,11.560,144,15,19,,
T,2022-02-09 13:11:18,47.65948980,17.65419412,4,115.949,44.228,11.350,144,14,19,,
T,2022-02-09 13:11:19,47.65940820,17.65427873,4,116.217,44.228,11.040,145,15,19,,
T,2022-02-09 13:11:20,47.65932856,17.65435864,4,116.355,44.229,10.880,145,15,19,,
T,2022-02-09 13:11:21,47.65924626,17.65444056,4,116.325,44.229,10.630,146,16,19,,
T,2022-02-09 13:11:22,47.65917055,17.65451695,4,116.256,44.229,10.320,146,14,19,,
T,2022-02-09 13:11:23,47.65909286,17.65459283,4,116.709,44.229,10.150,147,16,19,,
T,2022-02-09 13:11:24,47.65901628,17.65466628,4,116.742,44.229,9.860,147,15,19,,
T,2022-02-09 13:11:25,47.65894623,17.65473065,4,116.766,44.230,9.260,147,15,19,,
T,2022-02-09 13:11:26,47.65887789,17.65479284,4,116.499,44.230,8.880,148,15,19,,
T,2022-02-09 13:11:27,47.65881203,17.65485171,4,116.639,44.230,8.330,149,14,19,,
T,2022-02-09 13:11:28,47.65875138,17.65490259,4,116.454,44.230,7.460,149,13,19,,
T,2022-02-09 13:11:29,47.65870038,17.65494554,4,116.342,44.230,6.040,148,14,19,,
T,2022-02-09 13:11:30,47.65866124,17.65498021,4,116.421,44.230,4.490,149,14,19,,
T,2022-02-09 13:11:31,47.65863309,17.65500514,4,116.669,44.230,3.080,149,12,19,,
T,2022-02-09 13:11:32,47.65861738,17.65501774,4,116.749,44.230,1.300,149,13,19,,
T,2022-02-09 13:11:33,47.65861161,17.65502408,4,116.937,44.230,0.460,150,14,19,,
T,2022-02-09 13:11:34,47.65860604,17.65502876,4,117.086,44.230,0.790,150,13,19,,
T,2022-02-09 13:11:35,47.65859634,17.65503714,4,117.140,44.230,1.570,151,14,19,,
T,2022-02-09 13:11:36,47.65858071,17.65504937,4,117.130,44.230,2.150,151,14,19,,
T,2022-02-09 13:11:37,47.65856121,17.65506625,4,117.239,44.230,2.540,151,14,19,,
T,2022-02-09 13:11:38,47.65853737,17.65508305,4,117.092,44.231,3.030,151,15,19,,
T,2022-02-09 13:11:39,47.65851113,17.65510133,4,116.822,44.231,3.480,153,15,19,,
T,2022-02-09 13:11:40,47.65847724,17.65511901,4,116.897,44.231,4.020,158,13,19,,
T,2022-02-09 13:11:41,47.65844052,17.65513431,4,116.859,44.231,4.470,162,15,19,,
T,2022-02-09 13:11:42,47.65840616,17.65515023,4,116.885,44.231,3.830,163,17,19,,
T,2022-02-09 13:11:43,47.65837570,17.65516693,4,116.788,44.231,3.330,161,16,19,,
T,2022-02-09 13:11:44,47.65835214,17.65519200,4,117.357,44.231,3.040,157,15,19,,
T,2022-02-09 13:11:45,47.65833141,17.65521455,4,117.457,44.231,2.710,151,17,19,,
T,2022-02-09 13:11:46,47.65831485,17.65523418,4,117.475,44.231,2.360,145,14,19,,
T,2022-02-09 13:11:47,47.65829708,17.65525826,4,117.581,44.231,2.740,140,17,19,,
T,2022-02-09 13:11:48,47.65827467,17.65528697,4,117.896,44.231,3.400,138,16,19,,
T,2022-02-09 13:11:49,47.65825197,17.65531584,4,117.964,44.231,3.880,139,16,18,,
T,2022-02-09 13:11:50,47.65821892,17.65534407,4,118.093,44.231,4.580,145,17,18,,
T,2022-02-09 13:11:51,47.65817740,17.65537305,4,118.384,44.231,5.350,153,16,18,,
T,2022-02-09 13:11:52,47.65813138,17.65539994,4,118.399,44.231,5.600,159,15,19,,
T,2022-02-09 13:11:53,47.65808465,17.65542461,4,118.187,44.232,5.290,161,16,19,,
T,2022-02-09 13:11:54,47.65804552,17.65544827,4,118.028,44.232,4.530,158,16,19,,
T,2022-02-09 13:11:55,47.65801538,17.65546975,4,117.908,44.232,3.100,155,16,19,,
T,2022-02-09 13:11:56,47.65800126,17.65548208,4,117.743,44.232,1.020,154,14,19,,
T,2022-02-09 13:11:57,47.65799779,17.65548400,4,117.799,44.232,0.000,,14,19,,
T,2022-02-09 13:11:58,47.65799612,17.65548455,4,117.763,44.232,0.000,,14,19,,
T,2022-02-09 13:11:59,47.65799616,17.65548454,4,117.768,44.232,0.000,,14,19,,
T,2022-02-09 13:12:00,47.65799616,17.65548458,4,117.770,44.232,0.000,,13,19,,
T,2022-02-09 13:12:01,47.65799614,17.65548459,4,117.758,44.232,0.000,,12,19,,
T,2022-02-09 13:12:02,47.65799613,17.65548461,4,117.755,44.232,0.000,,15,19,,
T,2022-02-09 13:12:03,47.65799618,17.65548474,4,117.760,44.232,0.000,,14,19,,
T,2022-02-09 13:12:04,47.65799616,17.65548460,4,117.765,44.232,0.000,,14,19,,
T,2022-02-09 13:12:05,47.65799521,17.65548545,4,117.123,44.232,0.190,155,15,19,,
T,2022-02-09 13:12:06,47.65799276,17.65548610,4,117.099,44.232,0.250,155,15,19,,
T,2022-02-09 13:12:07,47.65799259,17.65548663,4,117.055,44.232,0.000,,13,19,,
T,2022-02-09 13:12:08,47.65799260,17.65548666,4,117.054,44.232,0.000,,11,19,,
T,2022-02-09 13:12:09,47.65799251,17.65548671,4,117.060,44.232,0.000,,11,19,,
T,2022-02-09 13:12:10,47.65798717,17.65549169,4,116.901,44.232,1.020,154,11,19,,
T,2022-02-09 13:12:11,47.65797686,17.65550814,4,116.871,44.232,2.210,149,12,19,,
T,2022-02-09 13:12:12,47.65795862,17.65553659,4,116.873,44.232,3.300,143,13,19,,
T,2022-02-09 13:12:13,47.65793200,17.65557188,4,116.891,44.232,4.380,141,17,19,,
T,2022-02-09 13:12:14,47.65789503,17.65561206,4,116.956,44.232,5.450,144,15,19,,
T,2022-02-09 13:12:15,47.65784799,17.65565199,4,117.050,44.232,6.350,150,15,19,,
T,2022-02-09 13:12:16,47.65779244,17.65569569,4,117.181,44.232,7.000,154,16,19,,
T,2022-02-09 13:12:17,47.65773443,17.65574154,4,116.932,44.232,7.410,154,13,19,,
T,2022-02-09 13:12:18,47.65767437,17.65578746,4,117.222,44.233,7.600,154,16,19,,
T,2022-02-09 13:12:19,47.65761195,17.65583496,4,116.942,44.233,7.750,153,15,19,,
T,2022-02-09 13:12:20,47.65755076,17.65588275,4,117.022,44.233,7.790,153,14,19,,
T,2022-02-09 13:12:21,47.65748841,17.65593120,4,116.967,44.233,7.880,153,15,19,,
T,2022-02-09 13:12:22,47.65742367,17.65598036,4,116.990,44.233,7.990,153,13,19,,
T,2022-02-09 13:12:23,47.65735988,17.65603075,4,116.971,44.233,8.160,152,14,18,,
T,2022-02-09 13:12:24,47.65729587,17.65608182,4,117.106,44.233,8.500,152,15,18,,
T,2022-02-09 13:12:25,47.65722474,17.65613856,4,117.009,44.234,8.920,152,15,18,,
T,2022-02-09 13:12:26,47.65715106,17.65619481,4,116.874,44.234,9.330,152,15,18,,
T,2022-02-09 13:12:27,47.65707553,17.65625351,4,116.931,44.234,9.590,152,15,18,,
T,2022-02-09 13:12:28,47.65699735,17.65631666,4,116.781,44.234,9.800,152,15,19,,
T,2022-02-09 13:12:29,47.65692131,17.65637874,4,116.602,44.234,10.060,152,14,19,,
T,2022-02-09 13:12:30,47.65684145,17.65644323,4,116.727,44.235,10.280,152,14,19,,
T,2022-02-09 13:12:31,47.65675866,17.65650900,4,116.735,44.235,10.470,152,14,19,,
T,2022-02-09 13:12:32,47.65667634,17.65657336,4,116.544,44.235,10.760,152,14,19,,
T,2022-02-09 13:12:33,47.65658753,17.65664210,4,116.396,44.235,10.970,152,14,19,,
T,2022-02-09 13:12:34,47.65650028,17.65671384,4,116.477,44.235,11.180,152,14,19,,
T,2022-02-09 13:12:35,47.65641172,17.65678389,4,116.525,44.236,11.310,152,17,19,,
T,2022-02-09 13:12:36,47.65632045,17.65685628,4,116.606,44.236,11.550,152,13,19,,
T,2022-02-09 13:12:37,47.65622957,17.65692925,4,116.564,44.236,11.630,152,14,19,,
T,2022-02-09 13:12:38,47.65613687,17.65700180,4,116.673,44.236,11.610,152,14,19,,
T,2022-02-09 13:12:39,47.65604504,17.65707391,4,116.831,44.236,11.600,152,12,19,,
T,2022-02-09 13:12:40,47.65595138,17.65714572,4,116.633,44.237,11.730,152,13,19,,
T,2022-02-09 13:12:41,47.65585695,17.65721889,4,116.827,44.237,11.740,152,15,19,,
T,2022-02-09 13:12:42,47.65576435,17.65729178,4,116.860,44.237,11.760,152,14,19,,
T,2022-02-09 13:12:43,47.65567053,17.65736506,4,116.861,44.237,11.750,152,13,19,,
T,2022-02-09 13:12:44,47.65557785,17.65743895,4,117.151,44.238,11.640,152,14,19,,
T,2022-02-09 13:12:45,47.65548765,17.65750927,4,117.207,44.238,11.650,152,14,19,,
T,2022-02-09 13:12:46,47.65539673,17.65758151,4,117.239,44.238,11.570,152,13,19,,
T,2022-02-09 13:12:47,47.65530477,17.65765310,4,117.288,44.238,11.570,152,13,19,,
T,2022-02-09 13:12:48,47.65521531,17.65772474,4,117.436,44.238,11.560,152,13,19,,
T,2022-02-09 13:12:49,47.65512228,17.65779908,4,117.531,44.239,11.430,152,13,19,,
T,2022-02-09 13:12:50,47.65503089,17.65786973,4,117.602,44.239,11.310,152,13,19,,
T,2022-02-09 13:12:51,47.65494185,17.65793879,4,117.624,44.239,11.200,152,14,19,,
T,2022-02-09 13:12:52,47.65485099,17.65800934,4,117.642,44.239,11.090,153,14,19,,
T,2022-02-09 13:12:53,47.65476523,17.65807462,4,117.783,44.239,10.970,153,13,19,,
T,2022-02-09 13:12:54,47.65467891,17.65814100,4,118.140,44.240,10.850,154,13,19,,
T,2022-02-09 13:12:55,47.65459198,17.65820553,4,118.480,44.240,10.560,153,14,19,,
T,2022-02-09 13:12:56,47.65451146,17.65826459,4,118.465,44.240,10.310,153,15,19,,
T,2022-02-09 13:12:57,47.65442668,17.65832899,4,118.591,44.240,10.150,153,16,18,,
T,2022-02-09 13:12:58,47.65434616,17.65838748,4,118.846,44.240,9.910,154,16,18,,
T,2022-02-09 13:12:59,47.65426651,17.65844300,4,118.750,44.241,9.770,155,16,18,,
T,2022-02-09 13:13:00,47.65418673,17.65849685,4,118.644,44.241,9.640,156,15,18,,
T,2022-02-09 13:13:01,47.65410843,17.65854489,4,118.494,44.241,9.490,158,16,19,,
T,2022-02-09 13:13:02,47.65403456,17.65858707,4,118.412,44.241,8.880,159,17,19,,
T,2022-02-09 13:13:03,47.65396223,17.65862673,4,118.450,44.241,8.510,159,16,19,,
T,2022-02-09 13:13:04,47.65389465,17.65866498,4,118.213,44.241,8.110,159,17,19,,
T,2022-02-09 13:13:05,47.65382751,17.65870370,4,118.090,44.242,7.620,158,16,19,,
T,2022-02-09 13:13:06,47.65376829,17.65873805,4,117.981,44.242,6.840,158,16,19,,
T,2022-02-09 13:13:07,47.65371419,17.65876920,4,117.824,44.242,6.280,159,14,19,,
T,2022-02-09 13:13:08,47.65365914,17.65878995,4,117.780,44.242,6.020,164,17,19,,
T,2022-02-09 13:13:09,47.65360859,17.65879556,4,117.821,44.242,5.720,174,15,19,,
T,2022-02-09 13:13:10,47.65356231,17.65879047,4,117.707,44.242,5.190,183,16,19,,
T,2022-02-09 13:13:11,47.65351810,17.65879123,4,117.767,44.242,4.840,183,15,19,,
T,2022-02-09 13:13:12,47.65347591,17.65880265,4,117.739,44.242,4.780,176,16,19,,
T,2022-02-09 13:13:13,47.65343835,17.65883183,4,117.722,44.243,4.550,161,17,19,,
T,2022-02-09 13:13:14,47.65341283,17.65888062,4,117.453,44.243,4.600,140,16,19,,
T,2022-02-09 13:13:15,47.65340427,17.65894030,4,117.508,44.243,4.650,119,16,19,,
T,2022-02-09 13:13:16,47.65341094,17.65899710,4,117.908,44.243,4.500,95,17,19,,
T,2022-02-09 13:13:17,47.65343399,17.65904741,4,118.072,44.243,4.680,71,16,19,,
T,2022-02-09 13:13:18,47.65346875,17.65908352,4,118.089,44.243,4.860,47,16,19,,
T,2022-02-09 13:13:19,47.65351148,17.65911028,4,118.174,44.242,5.270,29,14,19,,
T,2022-02-09 13:13:20,47.65355458,17.65913528,4,118.336,44.242,5.510,21,15,19,,
T,2022-02-09 13:13:21,47.65360232,17.65916862,4,118.379,44.242,5.930,26,14,19,,
T,2022-02-09 13:13:22,47.65364571,17.65922130,4,118.730,44.242,6.300,40,14,19,,
T,2022-02-09 13:13:23,47.65368495,17.65929168,4,119.180,44.242,6.600,54,15,19,,
T,2022-02-09 13:13:24,47.65369361,17.65936920,4,119.582,44.242,6.590,69,16,19,,
T,2022-02-09 13:13:25,47.65369852,17.65945302,4,119.551,44.242,6.890,85,14,19,,
T,2022-02-09 13:13:26,47.65368692,17.65954171,4,119.400,44.242,7.190,101,15,19,,
T,2022-02-09 13:13:27,47.65366278,17.65963433,4,119.642,44.242,7.650,115,14,19,,
T,2022-02-09 13:13:28,47.65362529,17.65971890,4,119.688,44.242,7.990,125,14,19,,
T,2022-02-09 13:13:29,47.65357901,17.65981012,4,119.841,44.242,8.460,129,14,19,,
T,2022-02-09 13:13:30,47.65353143,17.65990043,4,119.540,44.242,8.900,128,15,19,,
T,2022-02-09 13:13:31,47.65348193,17.65999509,4,119.755,44.242,9.140,127,15,19,,
T,2022-02-09 13:13:32,47.65343003,17.66009323,4,119.672,44.243,9.120,126,14,19,,
T,2022-02-09 13:13:33,47.65338244,17.66018349,4,119.442,44.243,8.840,126,15,19,,
T,2022-02-09 13:13:34,47.65333595,17.66027275,4,119.597,44.243,8.470,127,16,19,,
T,2022-02-09 13:13:35,47.65329449,17.66036695,4,119.328,44.243,8.080,126,15,19,,
T,2022-02-09 13:13:36,47.65325690,17.66044744,4,119.583,44.243,7.430,126,16,19,,
T,2022-02-09 13:13:37,47.65322026,17.66052379,4,119.689,44.243,6.490,126,13,19,,
T,2022-02-09 13:13:38,47.65319090,17.66058124,4,119.860,44.243,4.870,126,15,19,,
T,2022-02-09 13:13:39,47.65317199,17.66061870,4,119.978,44.243,3.090,126,15,18,,
T,2022-02-09 13:13:40,47.65316402,17.66063670,4,120.065,44.243,1.030,126,15,17,,
T,2022-02-09 13:13:41,47.65316413,17.66064232,4,120.526,44.243,0.000,,15,17,,
T,2022-02-09 13:13:42,47.65316414,17.66064383,4,120.515,44.243,0.000,,14,18,,
T,2022-02-09 13:13:43,47.65316435,17.66064412,4,120.597,44.243,0.000,,14,19,,
T,2022-02-09 13:13:44,47.65316442,17.66064414,4,120.597,44.243,0.000,,18,19,,
T,2022-02-09 13:13:45,47.65316434,17.66064414,4,120.599,44.243,0.000,,16,19,,
T,2022-02-09 13:13:46,47.65316441,17.66064413,4,120.602,44.243,0.000,,16,19,,
T,2022-02-09 13:13:47,47.65316439,17.66064424,4,120.600,44.243,0.000,,15,19,,
