type,date time,latitude,longitude,accuracy(m),altitude(m),geoid_height(m),speed(m/s),bearing(deg),sat_used,sat_inview,name,desc
T,2022-08-31 09:44:36,47.46404757,19.02053997,11,96.766,43.859,0.000,,16,19,20220831-114436,GPS Logger: 20220831-114436 - Kelenföld -KöKi
T,2022-08-31 09:44:37,47.46404752,19.02054002,11,96.762,43.859,0.000,,16,19,,
T,2022-08-31 09:44:38,47.46404747,19.02054006,10,96.765,43.859,0.000,,17,18,,
T,2022-08-31 09:44:39,47.46404744,19.02054010,10,96.773,43.859,0.000,,15,18,,
T,2022-08-31 09:44:40,47.46404738,19.02054013,10,96.774,43.859,0.000,,14,18,,
T,2022-08-31 09:44:41,47.46404732,19.02054016,10,96.775,43.859,0.000,,14,18,,
T,2022-08-31 09:44:42,47.46404727,19.02054020,10,96.790,43.859,0.000,,14,18,,
T,2022-08-31 09:44:43,47.46404725,19.02054023,10,96.790,43.859,0.000,,13,18,,
T,2022-08-31 09:44:44,47.46404721,19.02054025,10,96.790,43.859,0.000,,12,18,,
T,2022-08-31 09:44:45,47.46404715,19.02054030,10,96.797,43.859,0.000,,14,18,,
T,2022-08-31 09:44:46,47.46404705,19.02054035,10,96.808,43.859,0.000,,14,18,,
T,2022-08-31 09:44:47,47.46404696,19.02054038,10,96.815,43.859,0.000,,13,18,,
T,2022-08-31 09:44:48,47.46404686,19.02054042,10,96.817,43.859,0.000,,14,18,,
T,2022-08-31 09:44:49,47.46404679,19.02054046,10,96.815,43.859,0.000,,15,18,,
T,2022-08-31 09:44:50,47.46404668,19.02054053,10,96.820,43.859,0.000,,16,18,,
T,2022-08-31 09:44:51,47.46404657,19.02054059,10,96.822,43.859,0.000,,15,18,,
T,2022-08-31 09:44:52,47.46404647,19.02054065,10,96.835,43.859,0.000,,14,18,,
T,2022-08-31 09:44:53,47.46404641,19.02054072,10,96.843,43.859,0.000,,14,18,,
T,2022-08-31 09:44:54,47.46404872,19.02054047,10,97.791,43.859,0.000,,14,20,,
T,2022-08-31 09:44:55,47.46404985,19.02054039,10,97.805,43.859,0.000,,16,20,,
T,2022-08-31 09:44:56,47.46405040,19.02054038,11,97.823,43.859,0.000,,16,20,,
T,2022-08-31 09:44:57,47.46405065,19.02054043,11,97.848,43.859,0.000,,16,21,,
T,2022-08-31 09:44:58,47.46405075,19.02054048,11,97.861,43.859,0.000,,17,21,,
T,2022-08-31 09:44:59,47.46405080,19.02054056,12,97.890,43.859,0.000,,15,21,,
T,2022-08-31 09:45:00,47.46405078,19.02054066,12,97.907,43.859,0.000,,16,21,,
T,2022-08-31 09:45:01,47.46405072,19.02054081,13,97.945,43.859,0.000,,16,21,,
T,2022-08-31 09:45:02,47.46405064,19.02054094,13,97.957,43.859,0.000,,16,21,,
T,2022-08-31 09:45:03,47.46405041,19.02054110,13,97.914,43.859,0.000,,16,22,,
T,2022-08-31 09:45:04,47.46405024,19.02054123,12,97.926,43.859,0.000,,15,23,,
T,2022-08-31 09:45:05,47.46405017,19.02054131,12,97.928,43.859,0.000,,16,23,,
T,2022-08-31 09:45:06,47.46405009,19.02054139,12,97.944,43.859,0.000,,15,23,,
T,2022-08-31 09:45:07,47.46405003,19.02054146,12,97.954,43.859,0.000,,16,23,,
T,2022-08-31 09:45:08,47.46404983,19.02054159,12,97.914,43.859,0.000,,18,23,,
T,2022-08-31 09:45:09,47.46404972,19.02054168,11,97.930,43.859,0.000,,19,23,,
T,2022-08-31 09:45:10,47.46404964,19.02054172,11,97.930,43.859,0.000,,20,23,,
T,2022-08-31 09:45:11,47.46404959,19.02054175,11,97.948,43.859,0.000,,18,23,,
T,2022-08-31 09:45:12,47.46404956,19.02054176,11,97.950,43.859,0.000,,17,23,,
T,2022-08-31 09:45:13,47.46404941,19.02054185,11,97.921,43.859,0.000,,15,23,,
T,2022-08-31 09:45:14,47.46404934,19.02054188,11,97.932,43.859,0.000,,14,23,,
T,2022-08-31 09:45:15,47.46404935,19.02054191,11,97.939,43.859,0.000,,13,23,,
T,2022-08-31 09:45:16,47.46404935,19.02054195,11,97.947,43.859,0.000,,12,23,,
T,2022-08-31 09:45:17,47.46404934,19.02054195,11,97.937,43.859,0.000,,15,23,,
T,2022-08-31 09:45:18,47.46404930,19.02054199,11,97.948,43.859,0.000,,16,22,,
T,2022-08-31 09:45:19,47.46404923,19.02054205,11,97.943,43.859,0.000,,17,22,,
T,2022-08-31 09:45:20,47.46404918,19.02054211,10,97.954,43.859,0.000,,17,21,,
T,2022-08-31 09:45:21,47.46404912,19.02054220,11,97.979,43.859,0.000,,16,21,,
T,2022-08-31 09:45:22,47.46404908,19.02054228,11,97.988,43.859,0.000,,15,21,,
T,2022-08-31 09:45:23,47.46404909,19.02054232,11,97.986,43.859,0.000,,13,20,,
T,2022-08-31 09:45:24,47.46404911,19.02054236,11,97.993,43.859,0.000,,12,20,,
T,2022-08-31 09:45:25,47.46404910,19.02054240,11,97.996,43.859,0.000,,15,20,,
T,2022-08-31 09:45:26,47.46404908,19.02054244,11,97.994,43.859,0.000,,15,20,,
T,2022-08-31 09:45:27,47.46404907,19.02054248,11,98.008,43.859,0.000,,15,20,,
T,2022-08-31 09:45:28,47.46404909,19.02054250,11,98.007,43.859,0.000,,15,19,,
T,2022-08-31 09:45:29,47.46404905,19.02054252,11,98.007,43.859,0.000,,16,20,,
T,2022-08-31 09:45:30,47.46404904,19.02054254,11,98.015,43.859,0.000,,17,20,,
T,2022-08-31 09:45:31,47.46404901,19.02054256,11,98.020,43.859,0.000,,15,20,,
T,2022-08-31 09:45:32,47.46404895,19.02054261,11,98.023,43.859,0.000,,14,20,,
T,2022-08-31 09:45:33,47.46404892,19.02054264,11,98.022,43.859,0.000,,14,20,,
T,2022-08-31 09:45:34,47.46404890,19.02054266,11,98.032,43.859,0.000,,14,20,,
T,2022-08-31 09:45:35,47.46404891,19.02054267,12,98.034,43.859,0.000,,16,20,,
T,2022-08-31 09:45:36,47.46404891,19.02054269,12,98.042,43.859,0.000,,16,20,,
T,2022-08-31 09:45:37,47.46404892,19.02054271,12,98.048,43.859,0.000,,15,19,,
T,2022-08-31 09:45:38,47.46404894,19.02054272,12,98.059,43.859,0.000,,15,19,,
T,2022-08-31 09:45:39,47.46404898,19.02054273,12,98.062,43.859,0.000,,15,19,,
T,2022-08-31 09:45:40,47.46404898,19.02054273,13,98.057,43.859,0.000,,16,19,,
T,2022-08-31 09:45:41,47.46404898,19.02054273,12,98.059,43.859,0.000,,15,19,,
T,2022-08-31 09:45:42,47.46404900,19.02054272,12,98.071,43.859,0.000,,15,19,,
T,2022-08-31 09:45:43,47.46404902,19.02054271,12,98.074,43.859,0.000,,16,19,,
T,2022-08-31 09:45:44,47.46404903,19.02054271,12,98.080,43.859,0.000,,16,18,,
T,2022-08-31 09:45:45,47.46404904,19.02054270,12,98.077,43.859,0.000,,16,18,,
T,2022-08-31 09:45:46,47.46404903,19.02054272,12,98.075,43.859,0.000,,13,20,,
T,2022-08-31 09:45:47,47.46404902,19.02054275,12,98.074,43.859,0.000,,17,20,,
T,2022-08-31 09:45:48,47.46404901,19.02054276,12,98.082,43.859,0.000,,18,20,,
T,2022-08-31 09:45:49,47.46404899,19.02054277,12,98.083,43.859,0.000,,17,20,,
T,2022-08-31 09:45:50,47.46404891,19.02054276,12,98.075,43.859,0.000,,17,20,,
T,2022-08-31 09:45:51,47.46404887,19.02054275,12,98.073,43.859,0.000,,17,20,,
T,2022-08-31 09:45:52,47.46404882,19.02054274,12,98.076,43.859,0.000,,17,20,,
T,2022-08-31 09:45:53,47.46404878,19.02054273,11,98.073,43.859,0.000,,15,21,,
T,2022-08-31 09:45:54,47.46404875,19.02054274,11,98.066,43.859,0.000,,15,21,,
T,2022-08-31 09:45:55,47.46404874,19.02054275,11,98.068,43.859,0.000,,13,21,,
T,2022-08-31 09:45:56,47.46404871,19.02054278,11,98.071,43.859,0.000,,13,21,,
T,2022-08-31 09:45:57,47.46404872,19.02054277,11,98.066,43.859,0.000,,14,22,,
T,2022-08-31 09:45:58,47.46404874,19.02054279,11,98.073,43.859,0.000,,15,22,,
T,2022-08-31 09:45:59,47.46404877,19.02054281,11,98.074,43.859,0.000,,16,22,,
T,2022-08-31 09:46:00,47.46404881,19.02054282,11,98.074,43.859,0.000,,15,22,,
T,2022-08-31 09:46:01,47.46404886,19.02054284,11,98.086,43.859,0.000,,16,22,,
T,2022-08-31 09:46:02,47.46404892,19.02054285,11,98.092,43.859,0.000,,18,21,,
T,2022-08-31 09:46:03,47.46404900,19.02054283,11,98.098,43.859,0.000,,17,21,,
T,2022-08-31 09:46:04,47.46404908,19.02054279,11,98.099,43.859,0.000,,16,21,,
T,2022-08-31 09:46:05,47.46404921,19.02054274,10,98.115,43.859,0.000,,15,21,,
T,2022-08-31 09:46:06,47.46404933,19.02054271,10,98.127,43.859,0.000,,15,21,,
T,2022-08-31 09:46:07,47.46404943,19.02054268,11,98.135,43.859,0.000,,15,20,,
T,2022-08-31 09:46:08,47.46404952,19.02054267,11,98.151,43.859,0.000,,15,19,,
T,2022-08-31 09:46:09,47.46404956,19.02054265,11,98.156,43.859,0.000,,15,19,,
T,2022-08-31 09:46:10,47.46404959,19.02054264,11,98.161,43.859,0.000,,16,19,,
T,2022-08-31 09:46:11,47.46404966,19.02054264,12,98.185,43.859,0.000,,17,19,,
T,2022-08-31 09:46:12,47.46404977,19.02054263,13,98.207,43.859,0.000,,17,20,,
T,2022-08-31 09:46:13,47.46404985,19.02054260,13,98.219,43.859,0.000,,18,20,,
T,2022-08-31 09:46:14,47.46404991,19.02054256,13,98.226,43.859,0.000,,17,20,,
T,2022-08-31 09:46:15,47.46404996,19.02054252,13,98.231,43.859,0.000,,17,21,,
T,2022-08-31 09:46:16,47.46404988,19.02054258,12,98.237,43.859,0.000,,15,21,,
T,2022-08-31 09:46:17,47.46404986,19.02054260,12,98.237,43.859,0.000,,14,22,,
T,2022-08-31 09:46:18,47.46404987,19.02054260,11,98.235,43.859,0.000,,15,21,,
T,2022-08-31 09:46:19,47.46404988,19.02054258,11,98.237,43.859,0.000,,15,21,,
T,2022-08-31 09:46:20,47.46404989,19.02054257,11,98.238,43.859,0.000,,15,21,,
T,2022-08-31 09:46:21,47.46404990,19.02054253,11,98.235,43.859,0.000,,16,21,,
T,2022-08-31 09:46:22,47.46404990,19.02054251,11,98.235,43.859,0.000,,15,21,,
T,2022-08-31 09:46:23,47.46404985,19.02054252,11,98.228,43.859,0.000,,15,21,,
T,2022-08-31 09:46:24,47.46404980,19.02054250,11,98.226,43.859,0.000,,16,21,,
T,2022-08-31 09:46:25,47.46404978,19.02054249,11,98.225,43.859,0.000,,15,21,,
T,2022-08-31 09:46:26,47.46404963,19.02054256,11,98.221,43.859,0.000,,16,21,,
T,2022-08-31 09:46:27,47.46404955,19.02054259,11,98.219,43.859,0.000,,15,21,,
T,2022-08-31 09:46:28,47.46404952,19.02054259,11,98.214,43.859,0.000,,15,20,,
T,2022-08-31 09:46:29,47.46404950,19.02054258,11,98.214,43.859,0.000,,15,20,,
T,2022-08-31 09:46:30,47.46404951,19.02054255,11,98.213,43.859,0.000,,15,19,,
T,2022-08-31 09:46:31,47.46404941,19.02054262,10,98.213,43.859,0.000,,15,18,,
T,2022-08-31 09:46:32,47.46404936,19.02054264,10,98.210,43.859,0.000,,15,18,,
T,2022-08-31 09:46:33,47.46404934,19.02054265,11,98.200,43.859,0.000,,15,18,,
T,2022-08-31 09:46:34,47.46404937,19.02054262,11,98.193,43.859,0.000,,14,17,,
T,2022-08-31 09:46:35,47.46404920,19.02054274,11,98.188,43.859,0.000,,13,17,,
T,2022-08-31 09:46:36,47.46404914,19.02054278,11,98.178,43.859,0.000,,14,17,,
T,2022-08-31 09:46:37,47.46404911,19.02054279,11,98.178,43.859,0.000,,15,17,,
T,2022-08-31 09:46:38,47.46404887,19.02054297,11,98.176,43.859,0.000,,15,17,,
T,2022-08-31 09:46:39,47.46404875,19.02054307,11,98.184,43.859,0.000,,15,18,,
T,2022-08-31 09:46:40,47.46404871,19.02054311,11,98.181,43.859,0.000,,15,19,,
T,2022-08-31 09:46:41,47.46404871,19.02054313,11,98.187,43.859,0.000,,15,19,,
T,2022-08-31 09:46:42,47.46404871,19.02054313,11,98.190,43.859,0.000,,14,19,,
T,2022-08-31 09:46:43,47.46404860,19.02054322,11,98.189,43.859,0.000,,14,19,,
T,2022-08-31 09:46:44,47.46404854,19.02054327,11,98.186,43.859,0.000,,14,19,,
T,2022-08-31 09:46:45,47.46404853,19.02054329,11,98.184,43.859,0.000,,15,20,,
T,2022-08-31 09:46:46,47.46404854,19.02054331,11,98.187,43.859,0.000,,16,20,,
T,2022-08-31 09:46:47,47.46404857,19.02054330,11,98.186,43.859,0.000,,16,21,,
T,2022-08-31 09:46:48,47.46404851,19.02054335,10,98.184,43.859,0.000,,17,21,,
T,2022-08-31 09:46:49,47.46404849,19.02054338,10,98.184,43.859,0.000,,17,21,,
T,2022-08-31 09:46:50,47.46404851,19.02054343,10,98.184,43.859,0.000,,17,21,,
T,2022-08-31 09:46:51,47.46407666,19.02055319,10,98.692,43.859,4.100,11,18,22,,
T,2022-08-31 09:46:52,47.46412318,19.02056874,10,96.582,43.859,4.660,9,20,22,,
T,2022-08-31 09:46:53,47.46417038,19.02058032,10,96.521,43.859,4.650,6,20,22,,
T,2022-08-31 09:46:54,47.46424636,19.02061771,10,96.413,43.859,5.180,13,20,22,,
T,2022-08-31 09:46:55,47.46435590,19.02061254,10,97.082,43.859,8.500,357,19,22,,
T,2022-08-31 09:46:56,47.46442516,19.02059877,10,96.401,43.859,8.200,3,19,22,,
T,2022-08-31 09:46:57,47.46451478,19.02062364,10,96.776,43.859,8.820,5,20,22,,
T,2022-08-31 09:46:58,47.46463377,19.02062151,10,105.128,43.859,9.320,3,19,22,,
T,2022-08-31 09:46:59,47.46470828,19.02062217,11,105.330,43.859,9.720,3,18,22,,
T,2022-08-31 09:47:00,47.46480602,19.02063682,11,105.285,43.860,10.260,5,16,22,,
T,2022-08-31 09:47:01,47.46491488,19.02067048,11,104.826,43.860,10.810,6,15,22,,
T,2022-08-31 09:47:02,47.46502042,19.02071578,11,104.868,43.860,12.020,10,17,22,,
T,2022-08-31 09:47:03,47.46512719,19.02072115,11,105.822,43.860,11.030,7,17,23,,
T,2022-08-31 09:47:04,47.46524382,19.02074189,10,105.635,43.860,11.180,5,18,22,,
T,2022-08-31 09:47:05,47.46535425,19.02074446,11,105.357,43.860,11.360,5,19,22,,
T,2022-08-31 09:47:06,47.46547643,19.02076883,11,106.495,43.860,12.260,8,19,22,,
T,2022-08-31 09:47:07,47.46558432,19.02076554,10,108.575,43.860,10.920,5,19,22,,
T,2022-08-31 09:47:08,47.46569415,19.02076434,10,109.382,43.860,11.600,6,19,22,,
T,2022-08-31 09:47:09,47.46579110,19.02078169,10,111.389,43.860,10.770,7,19,22,,
T,2022-08-31 09:47:10,47.46589937,19.02078702,10,112.404,43.860,11.680,6,18,21,,
T,2022-08-31 09:47:11,47.46599377,19.02081728,10,112.428,43.860,10.130,8,18,21,,
T,2022-08-31 09:47:12,47.46609894,19.02084214,10,111.633,43.860,10.530,10,18,21,,
T,2022-08-31 09:47:13,47.46619752,19.02085837,10,112.480,43.860,10.420,7,16,21,,
T,2022-08-31 09:47:14,47.46630580,19.02088947,10,110.220,43.860,10.960,9,16,21,,
T,2022-08-31 09:47:15,47.46641428,19.02092291,10,113.541,43.860,10.910,9,17,21,,
T,2022-08-31 09:47:16,47.46651484,19.02095357,11,113.898,43.860,10.830,9,18,21,,
T,2022-08-31 09:47:17,47.46661179,19.02097844,11,114.061,43.860,10.420,7,18,21,,
T,2022-08-31 09:47:18,47.46672294,19.02097163,11,115.369,43.860,11.270,4,20,21,,
T,2022-08-31 09:47:19,47.46684040,19.02097225,12,116.994,43.860,11.550,4,19,21,,
T,2022-08-31 09:47:20,47.46692473,19.02101519,12,115.072,43.860,10.960,7,19,21,,
T,2022-08-31 09:47:21,47.46701813,19.02104466,12,114.748,43.860,11.050,7,18,21,,
T,2022-08-31 09:47:22,47.46712457,19.02102963,12,114.040,43.860,10.970,3,17,21,,
T,2022-08-31 09:47:23,47.46720455,19.02106233,12,113.887,43.860,10.090,5,16,21,,
T,2022-08-31 09:47:24,47.46732652,19.02103900,11,114.559,43.861,11.490,2,16,21,,
T,2022-08-31 09:47:25,47.46742950,19.02104611,11,113.854,43.861,10.940,2,16,21,,
T,2022-08-31 09:47:26,47.46752521,19.02105386,11,114.617,43.861,10.470,0,15,21,,
T,2022-08-31 09:47:27,47.46761325,19.02105212,11,113.861,43.861,10.580,358,16,21,,
T,2022-08-31 09:47:28,47.46770642,19.02104426,11,113.836,43.861,9.850,360,14,21,,
T,2022-08-31 09:47:29,47.46780070,19.02104741,11,112.597,43.861,9.770,0,14,22,,
T,2022-08-31 09:47:30,47.46788886,19.02103656,11,112.310,43.861,9.030,360,16,22,,
T,2022-08-31 09:47:31,47.46795323,19.02106291,11,111.263,43.861,8.710,3,16,22,,
T,2022-08-31 09:47:32,47.46802722,19.02107331,11,111.736,43.861,8.240,1,19,22,,
T,2022-08-31 09:47:33,47.46810917,19.02105191,11,111.009,43.861,8.100,355,18,22,,
T,2022-08-31 09:47:34,47.46817202,19.02108273,11,111.576,43.861,7.580,2,18,22,,
T,2022-08-31 09:47:35,47.46823490,19.02109165,11,110.064,43.861,6.820,1,19,22,,
T,2022-08-31 09:47:36,47.46829374,19.02107695,11,109.302,43.861,6.170,360,18,22,,
T,2022-08-31 09:47:37,47.46834376,19.02107434,11,109.682,43.861,5.620,1,20,22,,
T,2022-08-31 09:47:38,47.46839654,19.02105819,11,109.222,43.861,5.200,358,19,22,,
T,2022-08-31 09:47:39,47.46844645,19.02104959,11,108.599,43.861,5.370,0,19,22,,
T,2022-08-31 09:47:40,47.46849753,19.02103124,11,109.570,43.861,4.960,360,19,22,,
T,2022-08-31 09:47:41,47.46854467,19.02103347,11,109.658,43.861,5.380,360,18,22,,
T,2022-08-31 09:47:42,47.46859050,19.02104177,11,108.737,43.861,5.550,2,18,22,,
T,2022-08-31 09:47:43,47.46864206,19.02104526,11,108.595,43.861,5.990,360,16,22,,
T,2022-08-31 09:47:44,47.46869698,19.02103325,11,107.930,43.861,5.990,358,17,22,,
T,2022-08-31 09:47:45,47.46872809,19.02103445,11,105.126,43.861,5.350,359,18,21,,
T,2022-08-31 09:47:46,47.46879877,19.02100077,11,106.108,43.862,6.040,353,18,21,,
T,2022-08-31 09:47:47,47.46885389,19.02102367,11,106.161,43.862,5.670,5,18,21,,
T,2022-08-31 09:47:48,47.46890903,19.02100976,11,104.919,43.862,5.500,358,18,21,,
T,2022-08-31 09:47:49,47.46896853,19.02098515,11,106.848,43.862,5.640,356,18,21,,
T,2022-08-31 09:47:50,47.46902625,19.02098684,11,106.684,43.862,5.750,1,16,21,,
T,2022-08-31 09:47:51,47.46907071,19.02101543,11,106.871,43.862,5.560,6,16,21,,
T,2022-08-31 09:47:52,47.46912814,19.02100383,12,108.032,43.862,6.300,2,16,21,,
T,2022-08-31 09:47:53,47.46918380,19.02099934,12,108.095,43.862,6.530,2,16,21,,
T,2022-08-31 09:47:54,47.46923596,19.02106012,12,108.526,43.862,7.170,13,16,21,,
T,2022-08-31 09:47:55,47.46931362,19.02102369,12,108.073,43.862,7.650,2,16,21,,
T,2022-08-31 09:47:56,47.46938556,19.02106852,11,108.614,43.862,8.490,11,16,21,,
T,2022-08-31 09:47:57,47.46946850,19.02110723,12,109.833,43.862,9.200,11,19,21,,
T,2022-08-31 09:47:58,47.46955601,19.02106744,12,109.151,43.862,9.830,2,19,21,,
T,2022-08-31 09:47:59,47.46964481,19.02110312,11,107.780,43.862,10.550,5,19,21,,
T,2022-08-31 09:48:00,47.46975743,19.02109737,11,107.616,43.862,11.490,5,18,21,,
T,2022-08-31 09:48:01,47.46985729,19.02110420,11,106.102,43.862,12.020,4,17,21,,
T,2022-08-31 09:48:02,47.46997461,19.02111079,11,105.540,43.862,13.070,5,17,21,,
T,2022-08-31 09:48:03,47.47009550,19.02113596,11,106.013,43.862,13.580,6,13,21,,
T,2022-08-31 09:48:04,47.47022851,19.02118064,11,106.311,43.862,14.630,9,14,21,,
T,2022-08-31 09:48:05,47.47036739,19.02125539,11,106.665,43.862,14.970,13,14,21,,
T,2022-08-31 09:48:06,47.47050714,19.02128710,11,106.591,43.862,15.520,18,16,21,,
T,2022-08-31 09:48:07,47.47063771,19.02135237,11,106.860,43.862,15.900,18,16,21,,
T,2022-08-31 09:48:08,47.47077671,19.02143190,11,107.586,43.862,16.410,20,16,21,,
T,2022-08-31 09:48:09,47.47091421,19.02154432,11,107.185,43.862,17.390,24,17,21,,
T,2022-08-31 09:48:10,47.47105882,19.02163149,11,106.795,43.862,16.740,25,17,22,,
T,2022-08-31 09:48:11,47.47118631,19.02173720,11,107.474,43.862,16.150,29,17,22,,
T,2022-08-31 09:48:12,47.47130144,19.02188830,11,108.086,43.862,17.170,38,17,22,,
T,2022-08-31 09:48:13,47.47142002,19.02199450,11,108.185,43.862,16.140,36,17,22,,
T,2022-08-31 09:48:14,47.47154011,19.02211850,12,108.191,43.862,16.280,36,17,22,,
T,2022-08-31 09:48:15,47.47165959,19.02224428,13,108.245,43.862,16.310,36,16,22,,
T,2022-08-31 09:48:16,47.47178245,19.02236636,14,107.964,43.862,16.420,35,16,22,,
T,2022-08-31 09:48:17,47.47183488,19.02257555,13,107.199,43.861,15.480,45,14,21,,
T,2022-08-31 09:48:18,47.47191373,19.02278349,13,107.903,43.861,16.170,51,12,21,,
T,2022-08-31 09:48:19,47.47199241,19.02293301,13,108.454,43.861,15.750,53,11,21,,
T,2022-08-31 09:48:20,47.47204907,19.02314046,12,106.913,43.861,16.310,55,11,21,,
T,2022-08-31 09:48:21,47.47210204,19.02339717,12,105.827,43.860,16.870,59,15,21,,
T,2022-08-31 09:48:22,47.47215949,19.02360701,11,105.358,43.860,16.650,70,16,20,,
T,2022-08-31 09:48:23,47.47223690,19.02380509,11,104.815,43.860,16.790,66,16,20,,
T,2022-08-31 09:48:24,47.47227397,19.02401214,11,105.410,43.860,16.590,73,16,20,,
T,2022-08-31 09:48:25,47.47232027,19.02423350,11,105.541,43.859,16.380,74,17,20,,
T,2022-08-31 09:48:26,47.47235058,19.02443375,11,104.900,43.859,16.410,75,17,21,,
T,2022-08-31 09:48:27,47.47239567,19.02465381,11,105.153,43.859,16.880,75,19,22,,
T,2022-08-31 09:48:28,47.47242739,19.02488636,12,105.257,43.859,17.550,75,19,22,,
T,2022-08-31 09:48:29,47.47245444,19.02509625,12,104.526,43.858,17.010,76,19,22,,
T,2022-08-31 09:48:30,47.47245221,19.02531909,11,103.906,43.858,16.280,78,15,22,,
T,2022-08-31 09:48:31,47.47248878,19.02552779,11,103.226,43.858,17.050,79,15,22,,
T,2022-08-31 09:48:32,47.47250367,19.02576960,11,103.905,43.857,18.200,81,15,22,,
T,2022-08-31 09:48:33,47.47254119,19.02601209,11,103.155,43.857,19.160,81,15,22,,
T,2022-08-31 09:48:34,47.47255074,19.02627155,11,103.304,43.857,19.600,82,15,22,,
T,2022-08-31 09:48:35,47.47262784,19.02652816,11,104.447,43.857,20.400,80,16,22,,
T,2022-08-31 09:48:36,47.47264006,19.02678865,11,105.263,43.856,20.550,82,18,22,,
T,2022-08-31 09:48:37,47.47268508,19.02707217,11,105.945,43.856,21.540,81,18,22,,
T,2022-08-31 09:48:38,47.47270587,19.02737135,11,104.337,43.855,21.950,82,18,22,,
T,2022-08-31 09:48:39,47.47274061,19.02769092,11,102.818,43.855,22.570,81,18,22,,
T,2022-08-31 09:48:40,47.47275579,19.02798479,11,102.800,43.855,22.110,81,17,22,,
T,2022-08-31 09:48:41,47.47278743,19.02827090,11,103.477,43.854,22.090,81,16,22,,
T,2022-08-31 09:48:42,47.47285825,19.02857312,11,105.143,43.854,22.820,80,13,22,,
T,2022-08-31 09:48:43,47.47286619,19.02885318,11,104.647,43.854,21.880,81,14,22,,
T,2022-08-31 09:48:44,47.47288327,19.02913296,11,106.172,43.853,22.330,82,14,22,,
T,2022-08-31 09:48:45,47.47291745,19.02942044,11,105.133,43.853,22.410,80,14,22,,
T,2022-08-31 09:48:46,47.47296357,19.02970385,11,104.036,43.852,21.740,80,13,22,,
T,2022-08-31 09:48:47,47.47299761,19.02999116,11,104.121,43.852,21.950,80,15,22,,
T,2022-08-31 09:48:48,47.47300963,19.03029150,11,104.402,43.852,21.880,81,16,22,,
T,2022-08-31 09:48:49,47.47302235,19.03057443,11,104.755,43.851,21.990,82,16,22,,
T,2022-08-31 09:48:50,47.47304605,19.03084220,11,104.871,43.851,21.700,82,17,22,,
T,2022-08-31 09:48:51,47.47308420,19.03114709,11,106.260,43.851,22.220,81,19,22,,
T,2022-08-31 09:48:52,47.47309689,19.03143482,11,105.886,43.850,22.000,82,19,22,,
T,2022-08-31 09:48:53,47.47310375,19.03172620,11,106.507,43.850,21.820,84,20,22,,
T,2022-08-31 09:48:54,47.47314709,19.03201276,11,106.514,43.849,22.010,83,20,21,,
T,2022-08-31 09:48:55,47.47316594,19.03231968,10,107.764,43.849,22.340,84,20,21,,
T,2022-08-31 09:48:56,47.47317898,19.03263530,11,106.562,43.849,22.710,85,19,21,,
T,2022-08-31 09:48:57,47.47316702,19.03292055,10,107.197,43.848,22.230,94,19,21,,
T,2022-08-31 09:48:58,47.47316090,19.03322444,10,107.416,43.848,22.270,94,20,21,,
T,2022-08-31 09:48:59,47.47314800,19.03351489,10,107.972,43.847,22.170,93,20,21,,
T,2022-08-31 09:49:00,47.47314554,19.03380596,11,109.238,43.847,22.170,93,18,21,,
T,2022-08-31 09:49:01,47.47310961,19.03410465,11,110.552,43.847,22.560,97,19,21,,
T,2022-08-31 09:49:02,47.47306881,19.03439332,11,110.241,43.846,22.390,98,18,21,,
T,2022-08-31 09:49:03,47.47300147,19.03467235,11,109.272,43.846,22.370,102,18,21,,
T,2022-08-31 09:49:04,47.47293759,19.03493049,11,110.432,43.845,22.100,105,17,21,,
T,2022-08-31 09:49:05,47.47289213,19.03521578,10,111.859,43.845,22.570,106,17,21,,
T,2022-08-31 09:49:06,47.47284368,19.03550552,10,110.735,43.844,22.070,105,18,21,,
T,2022-08-31 09:49:07,47.47279207,19.03577893,10,111.017,43.844,21.820,104,18,22,,
T,2022-08-31 09:49:08,47.47273955,19.03605030,10,111.357,43.844,21.580,105,18,22,,
T,2022-08-31 09:49:09,47.47269457,19.03632074,10,110.498,43.843,22.030,105,19,22,,
T,2022-08-31 09:49:10,47.47263424,19.03660283,10,111.096,43.843,22.150,108,19,22,,
T,2022-08-31 09:49:11,47.47259146,19.03689592,10,110.149,43.842,22.000,105,19,22,,
T,2022-08-31 09:49:12,47.47253842,19.03718473,10,111.061,43.842,22.180,105,18,22,,
T,2022-08-31 09:49:13,47.47248437,19.03745519,10,111.018,43.842,21.700,105,18,22,,
T,2022-08-31 09:49:14,47.47242802,19.03773675,10,111.149,43.841,22.520,107,18,22,,
T,2022-08-31 09:49:15,47.47238003,19.03801382,10,110.474,43.841,22.550,105,17,21,,
T,2022-08-31 09:49:16,47.47232616,19.03829434,10,111.408,43.840,21.820,105,16,21,,
T,2022-08-31 09:49:17,47.47226831,19.03859345,11,113.246,43.840,22.620,105,16,21,,
T,2022-08-31 09:49:18,47.47221194,19.03888238,11,113.056,43.840,22.550,105,16,21,,
T,2022-08-31 09:49:19,47.47217078,19.03915726,11,113.501,43.839,21.580,105,17,21,,
T,2022-08-31 09:49:20,47.47211998,19.03946280,11,114.253,43.839,22.420,105,16,21,,
T,2022-08-31 09:49:21,47.47205476,19.03974038,11,112.971,43.838,21.930,106,16,21,,
T,2022-08-31 09:49:22,47.47199358,19.04001101,11,112.513,43.838,22.040,106,15,21,,
T,2022-08-31 09:49:23,47.47194357,19.04030010,11,113.632,43.837,22.050,105,15,21,,
T,2022-08-31 09:49:24,47.47188983,19.04057553,11,111.922,43.837,21.320,107,15,21,,
T,2022-08-31 09:49:25,47.47183219,19.04086252,11,112.435,43.837,21.910,107,14,20,,
T,2022-08-31 09:49:26,47.47179390,19.04114708,11,112.520,43.836,22.070,106,13,19,,
T,2022-08-31 09:49:27,47.47172444,19.04142478,11,111.833,43.836,22.230,107,15,19,,
T,2022-08-31 09:49:28,47.47168932,19.04173855,11,112.205,43.835,22.900,104,16,19,,
T,2022-08-31 09:49:29,47.47163389,19.04201900,11,112.576,43.835,21.910,105,16,19,,
T,2022-08-31 09:49:30,47.47158744,19.04230112,11,114.491,43.834,22.370,102,16,19,,
T,2022-08-31 09:49:31,47.47153442,19.04258229,11,113.885,43.834,22.000,106,16,19,,
T,2022-08-31 09:49:32,47.47147022,19.04285546,11,114.305,43.834,21.760,107,16,19,,
T,2022-08-31 09:49:33,47.47142784,19.04314373,11,114.032,43.833,22.060,106,17,19,,
T,2022-08-31 09:49:34,47.47137246,19.04341964,11,114.407,43.833,22.080,106,16,19,,
T,2022-08-31 09:49:35,47.47132627,19.04370046,11,114.920,43.832,22.020,104,16,19,,
T,2022-08-31 09:49:36,47.47125813,19.04398148,11,113.995,43.832,21.950,108,16,19,,
T,2022-08-31 09:49:37,47.47121548,19.04425623,11,114.925,43.832,21.870,106,15,19,,
T,2022-08-31 09:49:38,47.47118896,19.04452260,11,112.881,43.831,21.230,102,15,19,,
T,2022-08-31 09:49:39,47.47113369,19.04479070,11,112.161,43.831,21.510,105,16,19,,
T,2022-08-31 09:49:40,47.47107733,19.04507382,11,112.618,43.830,21.780,105,16,19,,
T,2022-08-31 09:49:41,47.47103032,19.04536030,11,112.712,43.830,22.160,106,16,19,,
T,2022-08-31 09:49:42,47.47097618,19.04564713,11,113.610,43.830,21.220,104,16,19,,
T,2022-08-31 09:49:43,47.47092312,19.04590071,11,113.550,43.829,20.730,107,15,19,,
T,2022-08-31 09:49:44,47.47087053,19.04618676,12,113.400,43.829,21.720,106,15,19,,
T,2022-08-31 09:49:45,47.47082169,19.04645745,12,113.264,43.828,21.600,104,15,20,,
T,2022-08-31 09:49:46,47.47075440,19.04673071,12,112.971,43.828,21.760,106,16,20,,
T,2022-08-31 09:49:47,47.47070990,19.04700833,12,113.229,43.828,21.410,104,16,20,,
T,2022-08-31 09:49:48,47.47064914,19.04728666,12,113.464,43.827,21.350,105,16,20,,
T,2022-08-31 09:49:49,47.47061032,19.04756580,12,112.913,43.827,20.740,104,17,19,,
T,2022-08-31 09:49:50,47.47055391,19.04783994,12,112.512,43.826,21.140,104,16,19,,
T,2022-08-31 09:49:51,47.47051670,19.04812547,12,111.366,43.826,20.830,103,16,19,,
T,2022-08-31 09:49:52,47.47045976,19.04840017,11,112.143,43.825,21.890,106,15,20,,
T,2022-08-31 09:49:53,47.47041291,19.04866995,12,111.768,43.825,20.700,105,16,19,,
T,2022-08-31 09:49:54,47.47035559,19.04893619,11,112.029,43.825,21.200,106,15,19,,
T,2022-08-31 09:49:55,47.47030378,19.04921660,12,111.686,43.824,21.480,105,14,19,,
T,2022-08-31 09:49:56,47.47024882,19.04946906,12,112.793,43.824,20.560,105,14,19,,
T,2022-08-31 09:49:57,47.47020068,19.04974109,12,112.875,43.824,21.050,104,14,19,,
T,2022-08-31 09:49:58,47.47016417,19.05002078,12,111.472,43.823,21.310,106,14,19,,
T,2022-08-31 09:49:59,47.47011621,19.05029930,12,111.292,43.823,22.520,103,14,19,,
T,2022-08-31 09:50:00,47.47004981,19.05059319,12,110.811,43.822,21.890,105,15,19,,
T,2022-08-31 09:50:01,47.46997990,19.05086968,12,111.644,43.822,21.990,106,15,19,,
T,2022-08-31 09:50:02,47.46993018,19.05113586,12,110.735,43.821,22.150,105,15,19,,
T,2022-08-31 09:50:03,47.46988724,19.05141336,12,111.168,43.821,22.530,103,15,19,,
T,2022-08-31 09:50:04,47.46984021,19.05169592,12,111.412,43.821,21.280,104,15,19,,
T,2022-08-31 09:50:05,47.46978971,19.05196484,12,111.277,43.820,21.380,106,15,19,,
T,2022-08-31 09:50:06,47.46975949,19.05223740,12,109.665,43.820,21.650,104,15,19,,
T,2022-08-31 09:50:07,47.46970116,19.05252069,12,109.087,43.819,21.940,105,14,17,,
T,2022-08-31 09:50:08,47.46962838,19.05280574,12,109.554,43.819,22.280,108,14,17,,
T,2022-08-31 09:50:09,47.46957915,19.05307092,12,110.041,43.819,21.750,104,14,17,,
T,2022-08-31 09:50:10,47.46951948,19.05337393,12,111.083,43.818,22.340,105,16,17,,
T,2022-08-31 09:50:11,47.46947346,19.05365239,12,110.194,43.818,22.330,104,16,17,,
T,2022-08-31 09:50:12,47.46941610,19.05393202,12,111.329,43.817,22.180,104,16,17,,
T,2022-08-31 09:50:13,47.46935701,19.05423190,12,112.542,43.817,21.380,105,16,17,,
T,2022-08-31 09:50:14,47.46931075,19.05450863,12,112.981,43.816,21.840,105,16,17,,
T,2022-08-31 09:50:15,47.46925902,19.05478587,12,112.728,43.816,21.440,106,16,19,,
T,2022-08-31 09:50:16,47.46921763,19.05505485,12,112.430,43.816,21.420,104,18,19,,
T,2022-08-31 09:50:17,47.46917723,19.05533735,12,112.574,43.815,21.880,103,17,19,,
T,2022-08-31 09:50:18,47.46911264,19.05561474,12,112.334,43.815,21.710,105,14,19,,
T,2022-08-31 09:50:19,47.46906743,19.05588487,12,113.123,43.814,20.530,105,15,19,,
T,2022-08-31 09:50:20,47.46900638,19.05616444,12,114.359,43.814,21.040,107,16,19,,
T,2022-08-31 09:50:21,47.46894726,19.05643800,12,114.367,43.814,21.210,106,15,19,,
T,2022-08-31 09:50:22,47.46890236,19.05668838,12,114.196,43.813,19.630,108,15,19,,
T,2022-08-31 09:50:23,47.46885094,19.05695172,12,114.303,43.813,20.060,104,15,19,,
T,2022-08-31 09:50:24,47.46882849,19.05719552,11,115.030,43.813,19.860,103,15,19,,
T,2022-08-31 09:50:25,47.46878780,19.05743793,11,114.088,43.812,18.260,102,15,19,,
T,2022-08-31 09:50:26,47.46876265,19.05769614,11,115.039,43.812,19.200,100,14,19,,
T,2022-08-31 09:50:27,47.46875990,19.05795698,11,115.827,43.811,18.310,96,15,19,,
T,2022-08-31 09:50:28,47.46873276,19.05819235,11,115.552,43.811,16.980,96,16,19,,
T,2022-08-31 09:50:29,47.46873158,19.05840869,11,115.944,43.811,16.240,95,15,19,,
T,2022-08-31 09:50:30,47.46870888,19.05861320,11,114.948,43.811,16.800,94,16,19,,
T,2022-08-31 09:50:31,47.46870070,19.05884061,11,112.958,43.810,15.750,93,16,19,,
T,2022-08-31 09:50:32,47.46868534,19.05904257,11,113.222,43.810,15.100,94,15,19,,
T,2022-08-31 09:50:33,47.46866620,19.05922505,11,112.999,43.810,14.110,95,14,19,,
T,2022-08-31 09:50:34,47.46864177,19.05940700,12,112.390,43.809,14.390,96,14,19,,
T,2022-08-31 09:50:35,47.46862990,19.05957676,12,113.318,43.809,12.620,96,14,19,,
T,2022-08-31 09:50:36,47.46861803,19.05974815,13,113.509,43.809,11.810,97,14,18,,
T,2022-08-31 09:50:37,47.46860225,19.05992042,13,113.293,43.809,11.580,97,14,18,,
T,2022-08-31 09:50:38,47.46859344,19.06006035,13,113.985,43.809,11.000,98,14,18,,
T,2022-08-31 09:50:39,47.46858411,19.06021861,13,113.366,43.808,11.280,96,15,18,,
T,2022-08-31 09:50:40,47.46857001,19.06036958,13,111.117,43.808,10.920,93,14,18,,
T,2022-08-31 09:50:41,47.46857377,19.06048989,13,110.916,43.808,10.410,91,15,18,,
T,2022-08-31 09:50:42,47.46855304,19.06064020,12,110.646,43.808,11.310,96,15,19,,
T,2022-08-31 09:50:43,47.46855418,19.06076538,13,109.387,43.808,9.960,93,16,20,,
T,2022-08-31 09:50:44,47.46854466,19.06093380,13,109.414,43.807,11.460,95,18,20,,
T,2022-08-31 09:50:45,47.46855012,19.06109115,13,109.641,43.807,11.740,90,16,21,,
T,2022-08-31 09:50:46,47.46856176,19.06123201,13,109.418,43.807,11.430,88,17,21,,
T,2022-08-31 09:50:47,47.46854291,19.06137622,13,109.692,43.807,11.360,95,16,21,,
T,2022-08-31 09:50:48,47.46855422,19.06152750,12,112.425,43.807,10.300,93,15,20,,
T,2022-08-31 09:50:49,47.46856552,19.06167872,12,112.751,43.806,10.590,92,17,20,,
T,2022-08-31 09:50:50,47.46856495,19.06184922,12,113.192,43.806,11.160,96,15,20,,
T,2022-08-31 09:50:51,47.46855734,19.06198710,12,113.999,43.806,10.150,97,17,20,,
T,2022-08-31 09:50:52,47.46855985,19.06215373,11,114.104,43.806,11.490,91,17,20,,
T,2022-08-31 09:50:53,47.46854462,19.06228836,11,116.044,43.805,10.400,97,17,20,,
T,2022-08-31 09:50:54,47.46854787,19.06243602,11,116.151,43.805,10.980,93,18,20,,
T,2022-08-31 09:50:55,47.46853881,19.06258263,11,116.080,43.805,10.640,94,17,20,,
T,2022-08-31 09:50:56,47.46854989,19.06273493,11,116.178,43.805,11.630,90,17,20,,
T,2022-08-31 09:50:57,47.46854307,19.06288515,11,117.065,43.805,10.760,92,17,20,,
T,2022-08-31 09:50:58,47.46854848,19.06302196,11,116.341,43.804,10.670,92,17,20,,
T,2022-08-31 09:50:59,47.46854115,19.06311934,11,118.044,43.804,10.030,92,16,20,,
T,2022-08-31 09:51:00,47.46854129,19.06329524,11,116.813,43.804,11.210,91,15,20,,
T,2022-08-31 09:51:01,47.46858140,19.06343367,11,116.913,43.804,10.800,89,15,21,,
T,2022-08-31 09:51:02,47.46860599,19.06360291,11,113.668,43.804,11.470,91,16,21,,
T,2022-08-31 09:51:03,47.46860252,19.06374036,11,113.448,43.804,11.080,95,16,21,,
T,2022-08-31 09:51:04,47.46858641,19.06389559,11,112.281,43.803,10.960,94,16,21,,
T,2022-08-31 09:51:05,47.46859092,19.06408372,11,106.465,43.803,10.470,91,16,21,,
T,2022-08-31 09:51:06,47.46857714,19.06422263,11,107.346,43.803,11.200,93,16,21,,
T,2022-08-31 09:51:07,47.46857013,19.06437903,11,106.393,43.803,11.230,92,18,22,,
T,2022-08-31 09:51:08,47.46856668,19.06452765,11,107.002,43.802,11.290,92,18,22,,
T,2022-08-31 09:51:09,47.46856399,19.06464439,11,107.743,43.802,10.020,90,18,22,,
T,2022-08-31 09:51:10,47.46855006,19.06478388,11,105.282,43.802,9.960,92,19,22,,
T,2022-08-31 09:51:11,47.46854189,19.06491856,11,105.784,43.802,9.950,90,19,22,,
T,2022-08-31 09:51:12,47.46852500,19.06505073,11,105.287,43.802,10.230,94,19,22,,
T,2022-08-31 09:51:13,47.46852018,19.06519082,11,107.116,43.802,10.910,93,19,22,,
T,2022-08-31 09:51:14,47.46852346,19.06532366,11,107.161,43.801,9.880,92,19,22,,
T,2022-08-31 09:51:15,47.46851739,19.06545358,11,106.275,43.801,9.340,91,18,22,,
T,2022-08-31 09:51:16,47.46850972,19.06559799,11,106.379,43.801,10.910,93,18,22,,
T,2022-08-31 09:51:17,47.46850539,19.06573301,10,106.415,43.801,10.410,94,17,21,,
T,2022-08-31 09:51:18,47.46850115,19.06586751,11,105.864,43.801,10.230,92,17,21,,
T,2022-08-31 09:51:19,47.46850967,19.06599948,11,106.587,43.800,9.350,89,17,21,,
T,2022-08-31 09:51:20,47.46848969,19.06614440,11,108.549,43.800,10.850,95,17,20,,
T,2022-08-31 09:51:21,47.46849590,19.06627351,11,108.578,43.800,10.490,90,18,20,,
T,2022-08-31 09:51:22,47.46848573,19.06642384,11,108.947,43.800,10.770,94,18,20,,
T,2022-08-31 09:51:23,47.46848309,19.06657864,11,107.242,43.800,10.570,95,18,20,,
T,2022-08-31 09:51:24,47.46847084,19.06673864,11,107.447,43.799,11.150,94,17,20,,
T,2022-08-31 09:51:25,47.46847656,19.06688613,11,106.888,43.799,10.320,91,17,20,,
T,2022-08-31 09:51:26,47.46846614,19.06703691,10,106.745,43.799,11.180,94,18,20,,
T,2022-08-31 09:51:27,47.46846767,19.06719444,10,106.401,43.799,10.810,94,17,20,,
T,2022-08-31 09:51:28,47.46846998,19.06733576,10,107.906,43.799,10.770,92,17,20,,
T,2022-08-31 09:51:29,47.46846915,19.06746925,10,107.231,43.798,10.770,93,17,19,,
T,2022-08-31 09:51:30,47.46847556,19.06761494,10,106.190,43.798,10.000,93,17,19,,
T,2022-08-31 09:51:31,47.46847719,19.06775022,10,105.003,43.798,10.080,90,17,19,,
T,2022-08-31 09:51:32,47.46847120,19.06789623,10,105.233,43.798,10.600,92,17,19,,
T,2022-08-31 09:51:33,47.46847484,19.06804341,11,105.436,43.798,10.790,93,18,19,,
T,2022-08-31 09:51:34,47.46847248,19.06819214,11,104.684,43.797,10.830,93,18,19,,
T,2022-08-31 09:51:35,47.46846970,19.06833580,11,105.085,43.797,10.850,93,17,20,,
T,2022-08-31 09:51:36,47.46846514,19.06846878,11,107.734,43.797,10.210,93,17,20,,
T,2022-08-31 09:51:37,47.46845575,19.06861694,11,107.029,43.797,10.630,94,17,21,,
T,2022-08-31 09:51:38,47.46844259,19.06875812,11,108.783,43.797,11.260,95,18,21,,
T,2022-08-31 09:51:39,47.46843711,19.06892205,11,112.255,43.796,10.800,94,17,21,,
T,2022-08-31 09:51:40,47.46842697,19.06907502,11,111.995,43.796,10.960,92,17,21,,
T,2022-08-31 09:51:41,47.46841615,19.06921535,11,113.001,43.796,11.050,93,18,21,,
T,2022-08-31 09:51:42,47.46841069,19.06935844,11,113.982,43.796,10.640,91,18,21,,
T,2022-08-31 09:51:43,47.46840221,19.06951692,11,115.654,43.796,10.800,90,18,21,,
T,2022-08-31 09:51:44,47.46839839,19.06967079,11,115.306,43.795,10.980,88,17,21,,
T,2022-08-31 09:51:45,47.46840060,19.06982644,10,114.235,43.795,10.810,92,18,21,,
T,2022-08-31 09:51:46,47.46840530,19.06996858,11,115.069,43.795,10.070,90,18,21,,
T,2022-08-31 09:51:47,47.46839888,19.07010841,11,115.582,43.795,11.170,93,17,21,,
T,2022-08-31 09:51:48,47.46839579,19.07026269,11,115.612,43.795,10.900,94,17,21,,
T,2022-08-31 09:51:49,47.46838776,19.07041454,11,117.623,43.794,11.370,94,17,21,,
T,2022-08-31 09:51:50,47.46837664,19.07056283,10,118.475,43.794,12.220,96,17,21,,
T,2022-08-31 09:51:51,47.46837081,19.07070797,10,119.002,43.794,10.040,91,17,21,,
T,2022-08-31 09:51:52,47.46835958,19.07086272,10,119.167,43.794,11.450,92,17,21,,
T,2022-08-31 09:51:53,47.46835810,19.07100889,10,119.003,43.794,10.750,92,17,21,,
T,2022-08-31 09:51:54,47.46834514,19.07116721,10,119.009,43.793,10.870,92,17,21,,
T,2022-08-31 09:51:55,47.46833618,19.07130447,11,119.843,43.793,10.710,93,17,21,,
T,2022-08-31 09:51:56,47.46832621,19.07145354,11,120.010,43.793,10.700,94,17,21,,
T,2022-08-31 09:51:57,47.46831087,19.07159997,11,120.345,43.793,10.950,95,15,22,,
T,2022-08-31 09:51:58,47.46831172,19.07174708,11,121.148,43.793,10.960,93,16,21,,
T,2022-08-31 09:51:59,47.46830830,19.07189906,11,121.376,43.792,11.160,93,17,22,,
T,2022-08-31 09:52:00,47.46831234,19.07201382,12,120.557,43.792,9.970,91,19,22,,
T,2022-08-31 09:52:01,47.46833733,19.07217172,11,119.949,43.792,11.730,88,18,22,,
T,2022-08-31 09:52:02,47.46830860,19.07230056,11,120.397,43.792,10.900,93,18,22,,
T,2022-08-31 09:52:03,47.46833845,19.07242913,11,118.189,43.792,11.850,91,18,22,,
T,2022-08-31 09:52:04,47.46835860,19.07255921,11,117.142,43.791,11.240,90,16,22,,
T,2022-08-31 09:52:05,47.46834552,19.07270178,11,117.132,43.791,11.300,92,16,22,,
T,2022-08-31 09:52:06,47.46834882,19.07284511,10,115.628,43.791,10.630,93,15,22,,
T,2022-08-31 09:52:07,47.46833798,19.07297555,11,115.250,43.791,10.670,94,17,22,,
T,2022-08-31 09:52:08,47.46833715,19.07313953,11,115.979,43.791,11.440,92,17,22,,
T,2022-08-31 09:52:09,47.46831779,19.07327942,11,115.684,43.790,10.790,95,17,22,,
T,2022-08-31 09:52:10,47.46831812,19.07343433,11,116.782,43.790,11.280,91,16,22,,
T,2022-08-31 09:52:11,47.46833027,19.07355288,12,115.878,43.790,10.300,88,15,22,,
T,2022-08-31 09:52:12,47.46831572,19.07373354,12,116.520,43.790,11.830,92,16,22,,
T,2022-08-31 09:52:13,47.46829286,19.07389549,13,117.139,43.790,11.820,96,14,22,,
T,2022-08-31 09:52:14,47.46826895,19.07404360,13,117.273,43.789,11.510,99,14,22,,
T,2022-08-31 09:52:15,47.46829499,19.07418909,12,117.286,43.789,11.030,93,15,21,,
T,2022-08-31 09:52:16,47.46829644,19.07430789,11,115.491,43.789,10.840,90,14,20,,
T,2022-08-31 09:52:17,47.46829808,19.07445942,11,114.297,43.789,11.380,93,14,20,,
T,2022-08-31 09:52:18,47.46828744,19.07463816,11,112.419,43.789,10.580,92,13,20,,
T,2022-08-31 09:52:19,47.46831077,19.07483923,12,103.620,43.788,11.260,90,14,19,,
T,2022-08-31 09:52:20,47.46829410,19.07496459,13,104.654,43.788,10.600,94,15,19,,
T,2022-08-31 09:52:21,47.46830783,19.07509423,12,104.549,43.788,9.990,91,15,19,,
T,2022-08-31 09:52:22,47.46830893,19.07522099,12,104.986,43.788,10.380,91,16,19,,
T,2022-08-31 09:52:23,47.46830400,19.07535968,12,104.546,43.788,10.240,95,17,20,,
T,2022-08-31 09:52:24,47.46830250,19.07550668,11,104.679,43.787,11.880,91,18,20,,
T,2022-08-31 09:52:25,47.46829605,19.07566158,11,104.274,43.787,11.520,91,17,19,,
T,2022-08-31 09:52:26,47.46828127,19.07586774,11,101.977,43.787,12.990,93,18,19,,
T,2022-08-31 09:52:27,47.46826974,19.07605722,12,102.100,43.787,13.430,93,18,19,,
T,2022-08-31 09:52:28,47.46825228,19.07626148,12,100.999,43.786,14.080,93,18,19,,
T,2022-08-31 09:52:29,47.46824998,19.07646148,12,101.329,43.786,15.490,91,17,20,,
T,2022-08-31 09:52:30,47.46823711,19.07666940,12,101.549,43.786,16.020,92,18,20,,
T,2022-08-31 09:52:31,47.46822390,19.07687618,12,100.701,43.786,15.520,93,18,20,,
T,2022-08-31 09:52:32,47.46822094,19.07709876,12,101.483,43.785,17.120,92,16,20,,
T,2022-08-31 09:52:33,47.46821533,19.07733278,11,101.900,43.785,18.210,91,16,20,,
T,2022-08-31 09:52:34,47.46822599,19.07754657,12,100.967,43.785,17.280,91,15,20,,
T,2022-08-31 09:52:35,47.46824360,19.07776708,12,100.519,43.784,17.100,89,16,20,,
T,2022-08-31 09:52:36,47.46823657,19.07806896,11,100.341,43.784,21.650,91,14,20,,
T,2022-08-31 09:52:37,47.46822723,19.07831845,11,100.172,43.784,20.480,91,15,20,,
T,2022-08-31 09:52:38,47.46820133,19.07861107,11,100.452,43.783,21.760,94,15,20,,
T,2022-08-31 09:52:39,47.46820374,19.07888432,11,100.520,43.783,21.240,91,15,20,,
T,2022-08-31 09:52:40,47.46819604,19.07917285,11,100.224,43.782,21.400,90,15,20,,
T,2022-08-31 09:52:41,47.46819038,19.07947377,11,100.567,43.782,22.950,90,15,20,,
T,2022-08-31 09:52:42,47.46817915,19.07975722,11,102.425,43.782,22.190,93,15,20,,
T,2022-08-31 09:52:43,47.46817585,19.08004340,11,102.094,43.781,22.040,92,16,20,,
T,2022-08-31 09:52:44,47.46816259,19.08032523,11,102.418,43.781,21.840,92,16,20,,
T,2022-08-31 09:52:45,47.46817341,19.08062687,11,104.422,43.780,22.320,90,16,20,,
T,2022-08-31 09:52:46,47.46817496,19.08093036,11,104.630,43.780,21.570,87,17,20,,
T,2022-08-31 09:52:47,47.46818565,19.08122221,11,105.525,43.780,21.690,86,16,20,,
T,2022-08-31 09:52:48,47.46820217,19.08151348,11,105.070,43.779,21.820,86,16,20,,
T,2022-08-31 09:52:49,47.46822105,19.08183360,11,105.978,43.779,22.390,84,15,20,,
T,2022-08-31 09:52:50,47.46823592,19.08214767,11,106.552,43.778,22.390,83,15,19,,
T,2022-08-31 09:52:51,47.46824521,19.08242433,11,108.510,43.778,21.500,85,15,19,,
T,2022-08-31 09:52:52,47.46827151,19.08272154,11,112.215,43.778,21.730,87,17,21,,
T,2022-08-31 09:52:53,47.46829253,19.08298782,11,114.338,43.777,21.550,86,20,22,,
T,2022-08-31 09:52:54,47.46829658,19.08325472,11,117.524,43.777,20.820,87,21,22,,
T,2022-08-31 09:52:55,47.46831261,19.08353267,10,119.941,43.777,21.590,86,21,22,,
T,2022-08-31 09:52:56,47.46833205,19.08381004,10,122.022,43.776,21.200,86,21,22,,
T,2022-08-31 09:52:57,47.46833707,19.08409657,10,122.516,43.776,21.280,86,21,22,,
T,2022-08-31 09:52:58,47.46835439,19.08438725,11,122.882,43.775,21.440,87,21,22,,
T,2022-08-31 09:52:59,47.46833831,19.08470524,11,122.239,43.775,22.440,89,21,23,,
T,2022-08-31 09:53:00,47.46835670,19.08497386,10,121.464,43.775,20.850,84,21,23,,
T,2022-08-31 09:53:01,47.46837158,19.08529726,11,118.856,43.774,21.860,85,21,23,,
T,2022-08-31 09:53:02,47.46837547,19.08558227,11,118.831,43.774,21.560,86,21,23,,
T,2022-08-31 09:53:03,47.46838492,19.08582922,12,119.966,43.773,20.210,87,21,23,,
T,2022-08-31 09:53:04,47.46839562,19.08608228,13,119.075,43.773,19.780,87,21,23,,
T,2022-08-31 09:53:05,47.46838835,19.08635846,12,117.839,43.773,20.200,88,22,24,,
T,2022-08-31 09:53:06,47.46841962,19.08650500,12,117.092,43.773,16.440,86,23,24,,
T,2022-08-31 09:53:07,47.46842193,19.08674161,11,118.262,43.772,17.520,86,23,24,,
T,2022-08-31 09:53:08,47.46842755,19.08694778,11,118.849,43.772,16.500,86,23,24,,
T,2022-08-31 09:53:09,47.46843848,19.08715344,11,121.245,43.772,16.480,86,23,24,,
T,2022-08-31 09:53:10,47.46846064,19.08738849,11,118.643,43.771,16.220,85,23,24,,
T,2022-08-31 09:53:11,47.46849135,19.08758327,11,120.282,43.771,15.390,84,22,24,,
T,2022-08-31 09:53:12,47.46849561,19.08777036,11,120.776,43.771,14.490,86,20,24,,
T,2022-08-31 09:53:13,47.46849885,19.08796807,12,120.033,43.771,14.820,87,20,24,,
T,2022-08-31 09:53:14,47.46849944,19.08814848,13,119.248,43.770,14.120,88,20,24,,
T,2022-08-31 09:53:15,47.46847460,19.08828627,13,119.633,43.770,12.460,95,19,24,,
T,2022-08-31 09:53:16,47.46849418,19.08842751,14,120.377,43.770,12.090,88,19,24,,
T,2022-08-31 09:53:17,47.46848939,19.08855322,12,121.928,43.770,10.620,88,17,24,,
T,2022-08-31 09:53:18,47.46849988,19.08870474,12,120.989,43.770,10.190,87,18,24,,
T,2022-08-31 09:53:19,47.46849823,19.08883897,12,123.194,43.769,10.060,87,20,24,,
T,2022-08-31 09:53:20,47.46851337,19.08894214,12,125.696,43.769,9.200,85,20,24,,
T,2022-08-31 09:53:21,47.46852107,19.08906054,11,125.331,43.769,8.420,83,21,24,,
T,2022-08-31 09:53:22,47.46852880,19.08919337,11,124.656,43.769,8.140,81,21,24,,
T,2022-08-31 09:53:23,47.46855191,19.08926960,11,125.514,43.769,6.980,79,21,24,,
T,2022-08-31 09:53:24,47.46854549,19.08933720,11,125.801,43.769,5.620,85,19,23,,
T,2022-08-31 09:53:25,47.46856282,19.08941229,11,124.977,43.769,4.990,81,19,23,,
T,2022-08-31 09:53:26,47.46856158,19.08945746,11,124.924,43.769,3.410,82,19,23,,
T,2022-08-31 09:53:27,47.46855230,19.08949383,10,125.183,43.769,2.580,83,20,23,,
T,2022-08-31 09:53:28,47.46853860,19.08952632,10,125.662,43.769,1.550,82,20,23,,
T,2022-08-31 09:53:29,47.46853398,19.08954712,10,124.703,43.769,1.530,82,20,23,,
T,2022-08-31 09:53:30,47.46853086,19.08954959,11,123.249,43.769,0.930,82,20,23,,
T,2022-08-31 09:53:31,47.46853294,19.08955836,10,124.018,43.769,0.750,82,20,23,,
T,2022-08-31 09:53:32,47.46852822,19.08956309,11,124.326,43.769,0.540,82,20,23,,
T,2022-08-31 09:53:33,47.46852004,19.08955632,11,124.645,43.769,0.200,82,19,23,,
T,2022-08-31 09:53:34,47.46851238,19.08955126,11,124.973,43.769,0.000,,18,23,,
T,2022-08-31 09:53:35,47.46850237,19.08955115,12,125.742,43.769,0.370,83,18,23,,
T,2022-08-31 09:53:36,47.46849520,19.08956834,13,124.666,43.768,0.910,117,19,23,,
T,2022-08-31 09:53:37,47.46849255,19.08957794,12,126.011,43.768,0.220,83,19,23,,
T,2022-08-31 09:53:38,47.46849185,19.08958275,12,125.477,43.768,0.000,,19,23,,
T,2022-08-31 09:53:39,47.46849181,19.08959251,12,125.150,43.768,0.360,85,18,23,,
T,2022-08-31 09:53:40,47.46849222,19.08959571,12,126.281,43.768,0.000,,18,23,,
T,2022-08-31 09:53:41,47.46848974,19.08959081,12,126.447,43.768,0.390,164,18,23,,
T,2022-08-31 09:53:42,47.46848709,19.08958887,12,126.958,43.768,0.000,,18,23,,
T,2022-08-31 09:53:43,47.46848708,19.08958325,12,128.494,43.768,0.000,,18,23,,
T,2022-08-31 09:53:44,47.46848812,19.08959107,13,128.867,43.768,0.630,80,17,23,,
T,2022-08-31 09:53:45,47.46848780,19.08959093,14,130.506,43.768,0.300,86,17,22,,
T,2022-08-31 09:53:46,47.46849036,19.08958718,14,130.682,43.768,0.360,16,17,22,,
T,2022-08-31 09:53:47,47.46849182,19.08958420,13,130.587,43.768,0.000,,17,22,,
T,2022-08-31 09:53:48,47.46848981,19.08958067,12,130.174,43.768,0.000,,16,22,,
T,2022-08-31 09:53:49,47.46848764,19.08957796,13,131.414,43.768,0.000,,17,22,,
T,2022-08-31 09:53:50,47.46848414,19.08958092,13,131.861,43.768,0.000,,16,22,,
T,2022-08-31 09:53:51,47.46848191,19.08958121,12,132.063,43.768,0.000,,17,22,,
T,2022-08-31 09:53:52,47.46847854,19.08957794,12,132.541,43.768,0.000,,17,22,,
T,2022-08-31 09:53:53,47.46847569,19.08958082,12,132.705,43.768,0.000,,17,22,,
T,2022-08-31 09:53:54,47.46847176,19.08958065,12,133.193,43.768,0.000,,18,22,,
T,2022-08-31 09:53:55,47.46846885,19.08957803,12,133.539,43.768,0.000,,18,22,,
T,2022-08-31 09:53:56,47.46846589,19.08957542,12,133.646,43.768,0.000,,18,21,,
T,2022-08-31 09:53:57,47.46846250,19.08957135,12,134.222,43.768,0.000,,17,21,,
T,2022-08-31 09:53:58,47.46845921,19.08956735,12,134.307,43.768,0.000,,16,21,,
T,2022-08-31 09:53:59,47.46845690,19.08956537,12,134.630,43.768,0.000,,17,21,,
T,2022-08-31 09:54:00,47.46845448,19.08956393,13,134.778,43.768,0.000,,17,21,,
T,2022-08-31 09:54:01,47.46845271,19.08956331,13,134.998,43.768,0.000,,19,21,,
T,2022-08-31 09:54:02,47.46845184,19.08956356,13,135.469,43.768,0.000,,19,21,,
T,2022-08-31 09:54:03,47.46845150,19.08956384,12,135.452,43.768,0.000,,19,21,,
T,2022-08-31 09:54:04,47.46845050,19.08956377,12,135.634,43.768,0.000,,19,21,,
T,2022-08-31 09:54:05,47.46844980,19.08956394,11,135.760,43.768,0.000,,18,21,,
T,2022-08-31 09:54:06,47.46844941,19.08956488,11,135.490,43.768,0.000,,19,21,,
T,2022-08-31 09:54:07,47.46844872,19.08956604,11,135.493,43.768,0.000,,19,21,,
T,2022-08-31 09:54:08,47.46844772,19.08956723,11,135.423,43.768,0.000,,19,21,,
T,2022-08-31 09:54:09,47.46844726,19.08956842,11,135.368,43.768,0.000,,19,21,,
T,2022-08-31 09:54:10,47.46844678,19.08956974,11,135.332,43.768,0.000,,19,21,,
T,2022-08-31 09:54:11,47.46844634,19.08957086,10,135.122,43.768,0.000,,19,21,,
T,2022-08-31 09:54:12,47.46844594,19.08957185,10,134.949,43.768,0.000,,18,21,,
T,2022-08-31 09:54:13,47.46844562,19.08957252,10,135.006,43.768,0.000,,17,21,,
T,2022-08-31 09:54:14,47.46844545,19.08957284,10,134.990,43.768,0.000,,17,21,,
T,2022-08-31 09:54:15,47.46844560,19.08957329,10,134.993,43.768,0.000,,18,23,,
T,2022-08-31 09:54:16,47.46844569,19.08957340,10,135.109,43.768,0.000,,21,23,,
T,2022-08-31 09:54:17,47.46844572,19.08957350,10,135.039,43.768,0.000,,21,23,,
T,2022-08-31 09:54:18,47.46845909,19.08967463,10,133.916,43.768,5.850,80,21,23,,
T,2022-08-31 09:54:19,47.46847367,19.08974777,10,132.765,43.768,5.520,76,21,23,,
T,2022-08-31 09:54:20,47.46849668,19.08984020,11,131.139,43.768,6.020,75,21,23,,
T,2022-08-31 09:54:21,47.46852103,19.08994825,11,124.904,43.768,7.050,78,21,23,,
T,2022-08-31 09:54:22,47.46852162,19.09007429,11,121.250,43.768,8.220,80,19,23,,
T,2022-08-31 09:54:23,47.46854665,19.09019933,11,120.776,43.768,9.030,79,20,22,,
T,2022-08-31 09:54:24,47.46856825,19.09031749,11,122.247,43.768,9.770,80,20,22,,
T,2022-08-31 09:54:25,47.46860901,19.09045971,11,119.264,43.767,11.000,81,20,22,,
T,2022-08-31 09:54:26,47.46862361,19.09062611,11,116.768,43.767,11.910,79,20,22,,
T,2022-08-31 09:54:27,47.46864732,19.09078750,11,118.017,43.767,12.640,78,20,22,,
T,2022-08-31 09:54:28,47.46867805,19.09096375,11,118.273,43.767,13.920,76,20,22,,
T,2022-08-31 09:54:29,47.46871627,19.09114643,11,118.371,43.766,14.780,77,18,22,,
T,2022-08-31 09:54:30,47.46875178,19.09135444,11,118.830,43.766,16.280,77,18,23,,
T,2022-08-31 09:54:31,47.46878311,19.09155815,11,120.498,43.766,15.880,77,17,23,,
T,2022-08-31 09:54:32,47.46884184,19.09177758,11,121.194,43.766,17.710,76,17,23,,
T,2022-08-31 09:54:33,47.46886723,19.09202203,11,122.629,43.765,18.600,78,17,23,,
T,2022-08-31 09:54:34,47.46891153,19.09226356,11,124.133,43.765,18.470,77,17,23,,
T,2022-08-31 09:54:35,47.46895442,19.09249926,12,125.913,43.765,18.380,77,18,22,,
T,2022-08-31 09:54:36,47.46898418,19.09276612,13,131.683,43.764,19.330,78,18,22,,
T,2022-08-31 09:54:37,47.46902176,19.09303044,11,130.858,43.764,20.150,76,18,22,,
T,2022-08-31 09:54:38,47.46906481,19.09329765,11,129.482,43.764,20.170,76,19,23,,
T,2022-08-31 09:54:39,47.46914923,19.09351744,12,128.403,43.764,19.460,73,20,23,,
T,2022-08-31 09:54:40,47.46921963,19.09378489,12,128.258,43.763,20.710,72,22,23,,
T,2022-08-31 09:54:41,47.46925939,19.09404447,12,127.993,43.763,19.880,73,22,23,,
T,2022-08-31 09:54:42,47.46932508,19.09423671,11,127.734,43.763,18.300,70,22,23,,
T,2022-08-31 09:54:43,47.46938880,19.09445178,11,125.573,43.762,18.490,70,21,23,,
T,2022-08-31 09:54:44,47.46944729,19.09468413,11,125.263,43.762,18.230,70,21,23,,
T,2022-08-31 09:54:45,47.46953675,19.09489673,12,123.228,43.762,18.300,67,20,23,,
T,2022-08-31 09:54:46,47.46957152,19.09507850,11,123.533,43.762,15.220,68,21,23,,
T,2022-08-31 09:54:47,47.46961681,19.09527774,11,123.278,43.761,15.590,69,21,23,,
T,2022-08-31 09:54:48,47.46966330,19.09547391,11,122.892,43.761,15.420,69,22,23,,
T,2022-08-31 09:54:49,47.46971221,19.09565705,11,122.240,43.761,14.730,70,21,23,,
T,2022-08-31 09:54:50,47.46975951,19.09583836,11,121.502,43.761,14.190,69,21,23,,
T,2022-08-31 09:54:51,47.46981098,19.09600562,11,121.293,43.761,13.830,69,21,23,,
T,2022-08-31 09:54:52,47.46986773,19.09615655,11,122.880,43.760,13.120,67,18,23,,
T,2022-08-31 09:54:53,47.46991343,19.09631423,11,122.071,43.760,12.700,68,17,23,,
T,2022-08-31 09:54:54,47.46995560,19.09646274,11,122.091,43.760,11.970,69,19,23,,
T,2022-08-31 09:54:55,47.46999231,19.09660885,11,122.075,43.760,11.660,70,19,23,,
T,2022-08-31 09:54:56,47.47003077,19.09675006,11,121.763,43.760,11.150,69,20,23,,
T,2022-08-31 09:54:57,47.47006501,19.09689015,11,122.220,43.760,11.110,68,20,23,,
T,2022-08-31 09:54:58,47.47010755,19.09700767,11,122.984,43.759,10.180,68,20,23,,
T,2022-08-31 09:54:59,47.47014552,19.09712926,11,123.085,43.759,9.960,66,19,23,,
T,2022-08-31 09:55:00,47.47018771,19.09725151,11,123.049,43.759,9.740,66,17,23,,
T,2022-08-31 09:55:01,47.47021491,19.09738760,11,122.564,43.759,10.300,68,18,23,,
T,2022-08-31 09:55:02,47.47024532,19.09751375,11,121.393,43.759,10.270,68,18,23,,
T,2022-08-31 09:55:03,47.47028264,19.09763166,11,122.504,43.759,10.060,68,19,23,,
T,2022-08-31 09:55:04,47.47032985,19.09773103,11,122.598,43.759,9.840,67,18,23,,
T,2022-08-31 09:55:05,47.47035469,19.09786684,11,121.871,43.758,9.850,69,18,23,,
T,2022-08-31 09:55:06,47.47038790,19.09800138,11,121.698,43.758,10.190,69,19,23,,
T,2022-08-31 09:55:07,47.47041777,19.09811938,11,121.551,43.758,9.290,67,19,23,,
T,2022-08-31 09:55:08,47.47046052,19.09824000,11,120.785,43.758,9.850,67,21,22,,
T,2022-08-31 09:55:09,47.47049456,19.09836151,11,122.184,43.758,9.140,69,20,22,,
T,2022-08-31 09:55:10,47.47053200,19.09848622,11,121.240,43.758,9.990,69,20,22,,
T,2022-08-31 09:55:11,47.47056002,19.09861904,11,120.418,43.758,9.730,70,20,22,,
T,2022-08-31 09:55:12,47.47058879,19.09873611,11,120.333,43.757,9.230,69,19,22,,
T,2022-08-31 09:55:13,47.47062020,19.09884986,11,120.147,43.757,9.130,67,19,22,,
T,2022-08-31 09:55:14,47.47064521,19.09896927,11,118.566,43.757,9.370,68,18,22,,
T,2022-08-31 09:55:15,47.47068214,19.09907198,11,119.757,43.757,9.140,67,19,22,,
T,2022-08-31 09:55:16,47.47071903,19.09917701,11,119.292,43.757,9.000,66,19,22,,
T,2022-08-31 09:55:17,47.47073378,19.09930029,11,118.476,43.757,9.200,71,19,22,,
T,2022-08-31 09:55:18,47.47076670,19.09941579,11,119.740,43.757,9.210,71,19,22,,
T,2022-08-31 09:55:19,47.47079281,19.09953073,11,121.131,43.756,8.530,69,19,22,,
T,2022-08-31 09:55:20,47.47080692,19.09964952,11,121.178,43.756,8.320,72,18,23,,
T,2022-08-31 09:55:21,47.47082870,19.09974313,11,121.128,43.756,7.340,71,19,23,,
T,2022-08-31 09:55:22,47.47084644,19.09983645,11,120.312,43.756,7.230,74,20,23,,
T,2022-08-31 09:55:23,47.47088539,19.09993497,11,120.457,43.756,7.680,69,21,23,,
T,2022-08-31 09:55:24,47.47088909,19.10002951,11,119.767,43.756,6.680,72,20,22,,
T,2022-08-31 09:55:25,47.47091359,19.10011078,11,118.778,43.756,6.600,65,21,22,,
T,2022-08-31 09:55:26,47.47092553,19.10018373,11,118.573,43.756,5.360,64,21,22,,
T,2022-08-31 09:55:27,47.47093571,19.10026505,11,118.756,43.756,6.010,75,21,22,,
T,2022-08-31 09:55:28,47.47094879,19.10033549,11,118.850,43.755,5.460,77,20,22,,
T,2022-08-31 09:55:29,47.47095416,19.10040496,12,119.499,43.755,5.770,76,17,22,,
T,2022-08-31 09:55:30,47.47096749,19.10047968,12,119.529,43.755,5.560,76,18,22,,
T,2022-08-31 09:55:31,47.47096449,19.10056212,13,120.036,43.755,6.030,83,15,23,,
T,2022-08-31 09:55:32,47.47083859,19.10073695,13,120.032,43.755,10.460,123,15,23,,
T,2022-08-31 09:55:33,47.47083010,19.10078425,13,120.583,43.755,6.960,114,17,23,,
T,2022-08-31 09:55:34,47.47085598,19.10087006,13,123.217,43.755,7.240,99,17,23,,
T,2022-08-31 09:55:35,47.47086205,19.10092970,13,126.102,43.755,6.790,97,18,23,,
T,2022-08-31 09:55:36,47.47091640,19.10092742,12,126.523,43.755,4.590,62,19,23,,
T,2022-08-31 09:55:37,47.47096065,19.10096763,12,126.827,43.755,4.710,72,18,23,,
T,2022-08-31 09:55:38,47.47098027,19.10103368,12,128.840,43.754,4.780,72,18,23,,
T,2022-08-31 09:55:39,47.47103459,19.10103800,12,132.765,43.755,3.950,65,19,23,,
T,2022-08-31 09:55:40,47.47104727,19.10109096,12,133.566,43.754,4.670,78,19,23,,
T,2022-08-31 09:55:41,47.47107989,19.10113224,11,133.263,43.754,4.020,57,18,23,,
T,2022-08-31 09:55:42,47.47109313,19.10119920,11,132.625,43.754,4.750,77,18,23,,
T,2022-08-31 09:55:43,47.47109684,19.10126418,11,133.627,43.754,4.540,77,18,23,,
T,2022-08-31 09:55:44,47.47111450,19.10132978,11,135.240,43.754,5.080,65,19,23,,
T,2022-08-31 09:55:45,47.47113591,19.10139169,11,135.130,43.754,4.950,68,20,23,,
T,2022-08-31 09:55:46,47.47117177,19.10143465,11,135.239,43.754,4.330,56,20,23,,
T,2022-08-31 09:55:47,47.47117962,19.10151669,11,135.217,43.754,5.760,70,20,23,,
T,2022-08-31 09:55:48,47.47121219,19.10157690,11,133.627,43.754,5.420,68,20,22,,
T,2022-08-31 09:55:49,47.47124076,19.10164964,11,132.626,43.754,5.410,66,20,22,,
T,2022-08-31 09:55:50,47.47126433,19.10171832,11,133.174,43.754,5.170,68,20,21,,
T,2022-08-31 09:55:51,47.47127603,19.10178990,11,132.101,43.754,4.920,69,20,21,,
T,2022-08-31 09:55:52,47.47130638,19.10183333,11,130.867,43.754,4.890,66,19,21,,
T,2022-08-31 09:55:53,47.47131034,19.10190475,11,130.406,43.754,4.840,70,19,22,,
T,2022-08-31 09:55:54,47.47131587,19.10199256,11,130.919,43.753,5.540,73,20,22,,
T,2022-08-31 09:55:55,47.47132538,19.10206674,11,130.231,43.753,5.600,73,20,22,,
T,2022-08-31 09:55:56,47.47134385,19.10214357,11,130.974,43.753,5.570,75,20,22,,
T,2022-08-31 09:55:57,47.47136370,19.10220576,11,132.010,43.753,5.520,73,20,22,,
T,2022-08-31 09:55:58,47.47138116,19.10227517,11,132.152,43.753,5.050,70,20,22,,
T,2022-08-31 09:55:59,47.47139406,19.10234087,11,134.634,43.753,5.660,73,20,22,,
T,2022-08-31 09:56:00,47.47140075,19.10241766,11,134.998,43.753,5.560,76,19,22,,
T,2022-08-31 09:56:01,47.47140927,19.10247539,12,133.876,43.753,4.810,80,19,22,,
T,2022-08-31 09:56:02,47.47142083,19.10254569,12,133.553,43.753,5.220,77,18,22,,
T,2022-08-31 09:56:03,47.47143552,19.10262118,11,135.811,43.753,5.230,72,18,22,,
T,2022-08-31 09:56:04,47.47144581,19.10268807,11,134.586,43.753,5.040,73,18,22,,
T,2022-08-31 09:56:05,47.47146968,19.10274496,11,134.929,43.752,4.680,60,19,22,,
T,2022-08-31 09:56:06,47.47147787,19.10282094,11,135.029,43.752,4.380,71,20,22,,
T,2022-08-31 09:56:07,47.47148891,19.10288367,11,135.012,43.752,5.170,75,20,22,,
T,2022-08-31 09:56:08,47.47150244,19.10294890,11,133.703,43.752,4.530,62,20,22,,
T,2022-08-31 09:56:09,47.47151637,19.10300964,11,133.743,43.752,4.670,69,20,22,,
T,2022-08-31 09:56:10,47.47153169,19.10306012,11,135.941,43.752,4.690,70,19,22,,
T,2022-08-31 09:56:11,47.47153688,19.10312584,11,135.134,43.752,5.090,78,20,22,,
T,2022-08-31 09:56:12,47.47155413,19.10316445,11,136.410,43.752,4.580,74,19,22,,
T,2022-08-31 09:56:13,47.47156098,19.10323679,11,136.515,43.752,5.270,71,19,22,,
T,2022-08-31 09:56:14,47.47157859,19.10330641,11,136.517,43.752,4.820,65,18,22,,
T,2022-08-31 09:56:15,47.47159730,19.10336339,11,136.609,43.752,5.090,66,18,22,,
T,2022-08-31 09:56:16,47.47160340,19.10343109,11,137.281,43.752,5.000,70,20,22,,
T,2022-08-31 09:56:17,47.47161038,19.10350863,11,137.698,43.752,5.580,75,20,22,,
T,2022-08-31 09:56:18,47.47163111,19.10356287,11,138.940,43.751,4.360,68,20,22,,
T,2022-08-31 09:56:19,47.47164297,19.10362610,11,137.232,43.751,5.260,71,20,22,,
T,2022-08-31 09:56:20,47.47165104,19.10368974,11,136.750,43.751,4.580,66,20,22,,
T,2022-08-31 09:56:21,47.47167466,19.10374717,11,136.280,43.751,4.920,62,20,22,,
T,2022-08-31 09:56:22,47.47168597,19.10381934,11,137.513,43.751,5.190,74,21,22,,
T,2022-08-31 09:56:23,47.47171404,19.10388939,11,137.366,43.751,6.190,68,21,22,,
T,2022-08-31 09:56:24,47.47173338,19.10396402,11,137.914,43.751,6.070,69,21,22,,
T,2022-08-31 09:56:25,47.47175193,19.10406270,11,137.039,43.751,7.360,71,20,23,,
T,2022-08-31 09:56:26,47.47176602,19.10415860,11,137.354,43.751,7.470,72,21,23,,
T,2022-08-31 09:56:27,47.47180494,19.10425327,11,138.611,43.751,7.330,71,20,23,,
T,2022-08-31 09:56:28,47.47184218,19.10435621,11,140.280,43.751,8.570,68,18,23,,
T,2022-08-31 09:56:29,47.47186333,19.10447301,11,139.505,43.750,9.150,70,19,23,,
T,2022-08-31 09:56:30,47.47189517,19.10459590,11,139.162,43.750,9.740,69,19,23,,
T,2022-08-31 09:56:31,47.47193916,19.10469899,11,139.919,43.750,9.940,65,19,23,,
T,2022-08-31 09:56:32,47.47198697,19.10480482,11,139.678,43.750,9.810,64,19,23,,
T,2022-08-31 09:56:33,47.47202034,19.10494157,11,139.712,43.750,11.300,67,20,23,,
T,2022-08-31 09:56:34,47.47205766,19.10508702,11,140.032,43.750,11.250,67,19,23,,
T,2022-08-31 09:56:35,47.47209471,19.10521978,11,140.480,43.750,10.790,69,20,23,,
T,2022-08-31 09:56:36,47.47212782,19.10536028,11,138.766,43.749,11.470,66,21,23,,
T,2022-08-31 09:56:37,47.47217823,19.10547258,11,137.446,43.749,10.830,66,21,23,,
T,2022-08-31 09:56:38,47.47221267,19.10561735,11,137.301,43.749,11.220,66,21,23,,
T,2022-08-31 09:56:39,47.47225011,19.10575076,11,136.341,43.749,11.030,66,18,23,,
T,2022-08-31 09:56:40,47.47229212,19.10589673,11,136.965,43.749,12.370,64,18,23,,
T,2022-08-31 09:56:41,47.47233184,19.10605845,10,136.896,43.749,12.820,66,17,23,,
T,2022-08-31 09:56:42,47.47238558,19.10623629,11,135.719,43.748,13.600,66,16,22,,
T,2022-08-31 09:56:43,47.47243241,19.10642342,10,134.260,43.748,14.570,67,18,22,,
T,2022-08-31 09:56:44,47.47248447,19.10660990,10,134.308,43.748,15.310,65,18,22,,
T,2022-08-31 09:56:45,47.47253795,19.10680038,10,133.873,43.748,15.580,67,20,22,,
T,2022-08-31 09:56:46,47.47259900,19.10698042,11,134.096,43.747,15.450,65,21,22,,
T,2022-08-31 09:56:47,47.47266346,19.10719275,11,133.136,43.747,16.860,65,21,22,,
T,2022-08-31 09:56:48,47.47272506,19.10740858,11,132.289,43.747,16.770,66,21,22,,
T,2022-08-31 09:56:49,47.47278131,19.10761995,11,133.168,43.747,16.730,67,20,22,,
T,2022-08-31 09:56:50,47.47284395,19.10781036,11,133.614,43.746,16.770,65,20,22,,
T,2022-08-31 09:56:51,47.47291278,19.10801502,11,130.066,43.746,17.250,67,16,22,,
T,2022-08-31 09:56:52,47.47296839,19.10822166,11,129.306,43.746,16.580,64,18,22,,
T,2022-08-31 09:56:53,47.47303081,19.10842753,11,128.674,43.746,16.850,66,18,22,,
T,2022-08-31 09:56:54,47.47308723,19.10862935,11,127.583,43.746,16.160,68,18,22,,
T,2022-08-31 09:56:55,47.47315401,19.10884553,11,125.075,43.745,16.760,64,18,22,,
T,2022-08-31 09:56:56,47.47321924,19.10903125,11,125.627,43.745,16.170,63,17,22,,
T,2022-08-31 09:56:57,47.47328367,19.10923396,11,124.594,43.745,16.470,64,19,22,,
T,2022-08-31 09:56:58,47.47333054,19.10943556,11,124.123,43.745,16.960,68,16,22,,
T,2022-08-31 09:56:59,47.47339165,19.10962115,11,124.406,43.744,15.830,66,16,22,,
T,2022-08-31 09:57:00,47.47347516,19.10980606,11,125.875,43.744,16.600,64,17,22,,
T,2022-08-31 09:57:01,47.47352809,19.10999863,11,124.767,43.744,15.990,65,18,22,,
T,2022-08-31 09:57:02,47.47359079,19.11019624,11,123.758,43.744,16.130,64,18,22,,
T,2022-08-31 09:57:03,47.47366903,19.11036656,11,124.314,43.744,15.760,61,16,21,,
T,2022-08-31 09:57:04,47.47373731,19.11055564,10,124.484,43.743,15.790,61,16,21,,
T,2022-08-31 09:57:05,47.47380259,19.11073357,10,125.218,43.743,15.020,60,16,21,,
T,2022-08-31 09:57:06,47.47387504,19.11090746,10,125.289,43.743,15.330,59,16,21,,
T,2022-08-31 09:57:07,47.47393682,19.11106529,10,125.821,43.743,13.880,59,16,21,,
T,2022-08-31 09:57:08,47.47400539,19.11121393,11,125.244,43.743,13.400,59,16,21,,
T,2022-08-31 09:57:09,47.47407650,19.11135534,11,124.153,43.742,13.240,58,19,21,,
T,2022-08-31 09:57:10,47.47413397,19.11152378,11,122.535,43.742,13.420,59,19,21,,
T,2022-08-31 09:57:11,47.47419134,19.11168109,11,121.383,43.742,13.060,59,19,21,,
T,2022-08-31 09:57:12,47.47424655,19.11180051,11,120.057,43.742,11.850,58,19,22,,
T,2022-08-31 09:57:13,47.47429229,19.11193231,11,119.179,43.742,11.250,57,20,21,,
T,2022-08-31 09:57:14,47.47434649,19.11204479,11,119.234,43.742,10.620,55,18,21,,
T,2022-08-31 09:57:15,47.47441856,19.11213378,11,119.906,43.742,10.720,53,18,21,,
T,2022-08-31 09:57:16,47.47448492,19.11224186,11,120.197,43.741,10.650,52,17,21,,
T,2022-08-31 09:57:17,47.47454065,19.11233775,11,120.311,43.741,10.410,52,15,21,,
T,2022-08-31 09:57:18,47.47459392,19.11245863,11,120.735,43.741,10.730,53,16,21,,
T,2022-08-31 09:57:19,47.47465230,19.11257718,11,121.372,43.741,10.780,53,16,21,,
T,2022-08-31 09:57:20,47.47471371,19.11268080,11,120.734,43.741,10.250,50,17,21,,
T,2022-08-31 09:57:21,47.47476742,19.11278493,12,120.491,43.741,10.280,51,17,21,,
T,2022-08-31 09:57:22,47.47485060,19.11288652,12,121.892,43.741,10.390,50,17,21,,
T,2022-08-31 09:57:23,47.47492542,19.11297433,12,123.193,43.741,10.360,49,17,21,,
T,2022-08-31 09:57:24,47.47498064,19.11307944,11,122.606,43.741,10.470,51,18,21,,
T,2022-08-31 09:57:25,47.47505353,19.11318794,11,122.987,43.741,10.850,50,17,22,,
T,2022-08-31 09:57:26,47.47511586,19.11330068,11,123.277,43.740,10.750,50,19,22,,
T,2022-08-31 09:57:27,47.47517001,19.11342475,11,123.078,43.740,10.600,50,19,22,,
T,2022-08-31 09:57:28,47.47523871,19.11352928,11,122.625,43.740,10.520,46,20,22,,
T,2022-08-31 09:57:29,47.47529578,19.11362467,11,122.102,43.740,10.500,47,20,22,,
T,2022-08-31 09:57:30,47.47537108,19.11371665,11,122.795,43.740,10.450,46,19,22,,
T,2022-08-31 09:57:31,47.47544049,19.11382394,11,123.175,43.740,10.710,47,19,22,,
T,2022-08-31 09:57:32,47.47551889,19.11390658,11,123.835,43.740,10.730,47,19,22,,
T,2022-08-31 09:57:33,47.47557981,19.11397910,11,122.874,43.740,9.950,45,19,22,,
T,2022-08-31 09:57:34,47.47564701,19.11408511,11,122.611,43.740,10.870,45,20,22,,
T,2022-08-31 09:57:35,47.47571256,19.11422661,11,123.500,43.740,11.230,48,20,22,,
T,2022-08-31 09:57:36,47.47577925,19.11430155,11,122.511,43.739,10.620,46,20,22,,
T,2022-08-31 09:57:37,47.47585170,19.11440606,11,121.995,43.739,10.830,46,19,22,,
T,2022-08-31 09:57:38,47.47591418,19.11451383,11,121.295,43.739,10.420,44,18,22,,
T,2022-08-31 09:57:39,47.47598056,19.11461997,11,122.239,43.739,10.880,40,17,22,,
T,2022-08-31 09:57:40,47.47604618,19.11472866,11,122.181,43.739,10.800,42,17,22,,
T,2022-08-31 09:57:41,47.47611929,19.11483566,11,122.095,43.739,10.900,43,17,22,,
T,2022-08-31 09:57:42,47.47619641,19.11491937,11,122.554,43.739,10.470,40,17,22,,
T,2022-08-31 09:57:43,47.47627643,19.11499769,11,122.658,43.739,10.570,39,18,22,,
T,2022-08-31 09:57:44,47.47634407,19.11507048,11,122.272,43.739,10.460,37,19,22,,
T,2022-08-31 09:57:45,47.47642265,19.11516732,11,121.530,43.739,10.830,38,19,21,,
T,2022-08-31 09:57:46,47.47649351,19.11524269,11,121.237,43.739,10.060,37,17,21,,
T,2022-08-31 09:57:47,47.47657180,19.11532681,11,121.658,43.739,10.530,36,18,21,,
T,2022-08-31 09:57:48,47.47662459,19.11542648,11,120.973,43.738,10.120,35,18,21,,
T,2022-08-31 09:57:49,47.47670153,19.11549728,11,120.896,43.738,10.030,33,17,21,,
T,2022-08-31 09:57:50,47.47677332,19.11558287,11,121.461,43.738,10.340,38,17,21,,
T,2022-08-31 09:57:51,47.47684977,19.11567460,11,121.674,43.738,10.760,40,16,21,,
T,2022-08-31 09:57:52,47.47691644,19.11577855,11,122.736,43.738,10.250,40,16,21,,
T,2022-08-31 09:57:53,47.47697558,19.11586349,11,121.510,43.738,9.770,41,18,21,,
T,2022-08-31 09:57:54,47.47704846,19.11596023,11,121.903,43.738,10.100,45,19,21,,
T,2022-08-31 09:57:55,47.47709172,19.11606723,11,120.365,43.738,9.950,48,19,22,,
T,2022-08-31 09:57:56,47.47715699,19.11617315,11,120.938,43.738,10.010,43,19,22,,
T,2022-08-31 09:57:57,47.47722134,19.11626303,11,120.902,43.738,9.830,46,18,22,,
T,2022-08-31 09:57:58,47.47730268,19.11633691,11,121.452,43.738,9.880,45,18,22,,
T,2022-08-31 09:57:59,47.47735710,19.11643458,11,120.163,43.738,9.700,48,18,22,,
T,2022-08-31 09:58:00,47.47741066,19.11654268,11,120.182,43.737,9.520,51,19,22,,
T,2022-08-31 09:58:01,47.47746466,19.11663026,11,120.932,43.737,9.770,48,19,22,,
T,2022-08-31 09:58:02,47.47752357,19.11673704,11,120.980,43.737,10.140,48,18,22,,
T,2022-08-31 09:58:03,47.47758933,19.11685268,11,121.507,43.737,10.800,50,18,21,,
T,2022-08-31 09:58:04,47.47765964,19.11693328,11,121.999,43.737,10.090,50,18,21,,
T,2022-08-31 09:58:05,47.47771545,19.11705339,11,122.183,43.737,11.200,52,18,21,,
T,2022-08-31 09:58:06,47.47777899,19.11716310,11,122.308,43.737,10.980,56,18,21,,
T,2022-08-31 09:58:07,47.47783496,19.11728681,11,122.982,43.737,11.140,55,19,21,,
T,2022-08-31 09:58:08,47.47787935,19.11742131,11,123.915,43.737,10.930,61,19,21,,
T,2022-08-31 09:58:09,47.47792433,19.11756106,11,123.976,43.736,10.970,62,19,21,,
T,2022-08-31 09:58:10,47.47796574,19.11768734,11,124.288,43.736,10.480,64,19,21,,
T,2022-08-31 09:58:11,47.47800804,19.11780322,11,122.444,43.736,11.230,65,18,22,,
T,2022-08-31 09:58:12,47.47805205,19.11791666,11,123.012,43.736,9.340,65,17,22,,
T,2022-08-31 09:58:13,47.47809146,19.11804812,11,123.661,43.736,10.740,68,19,22,,
T,2022-08-31 09:58:14,47.47812099,19.11817808,11,123.543,43.736,10.590,70,18,21,,
T,2022-08-31 09:58:15,47.47815741,19.11830615,11,124.335,43.736,10.300,69,18,21,,
T,2022-08-31 09:58:16,47.47818711,19.11843315,11,125.544,43.735,10.080,73,17,21,,
T,2022-08-31 09:58:17,47.47819334,19.11858421,11,126.153,43.735,10.470,80,18,21,,
T,2022-08-31 09:58:18,47.47818788,19.11873714,11,126.146,43.735,10.440,82,19,21,,
T,2022-08-31 09:58:19,47.47820525,19.11886256,11,126.951,43.735,10.210,82,17,21,,
T,2022-08-31 09:58:20,47.47821747,19.11899729,12,126.623,43.735,10.130,82,16,21,,
T,2022-08-31 09:58:21,47.47823327,19.11913785,12,126.992,43.734,10.190,81,17,21,,
T,2022-08-31 09:58:22,47.47823692,19.11925551,11,126.818,43.734,9.560,86,17,22,,
T,2022-08-31 09:58:23,47.47822857,19.11940079,11,126.729,43.734,9.890,89,16,22,,
T,2022-08-31 09:58:24,47.47822909,19.11950480,12,127.077,43.734,9.110,90,15,22,,
T,2022-08-31 09:58:25,47.47823340,19.11963897,12,128.744,43.734,10.000,89,17,22,,
T,2022-08-31 09:58:26,47.47822252,19.11977904,12,127.921,43.734,10.620,93,17,22,,
T,2022-08-31 09:58:27,47.47820845,19.11995154,11,127.121,43.733,10.590,98,20,23,,
T,2022-08-31 09:58:28,47.47818752,19.12010351,11,127.045,43.733,10.620,98,21,23,,
T,2022-08-31 09:58:29,47.47815981,19.12025671,11,126.638,43.733,10.430,99,21,23,,
T,2022-08-31 09:58:30,47.47817154,19.12036556,11,125.103,43.733,9.760,99,21,23,,
T,2022-08-31 09:58:31,47.47813636,19.12050904,11,124.782,43.733,9.430,103,20,23,,
T,2022-08-31 09:58:32,47.47811899,19.12064814,11,125.357,43.732,10.970,106,19,23,,
T,2022-08-31 09:58:33,47.47808800,19.12081126,11,124.774,43.732,10.820,107,18,23,,
T,2022-08-31 09:58:34,47.47807179,19.12091107,11,127.346,43.732,10.120,106,17,23,,
T,2022-08-31 09:58:35,47.47804775,19.12103448,11,127.810,43.732,10.540,109,17,23,,
T,2022-08-31 09:58:36,47.47800490,19.12115522,12,127.549,43.732,10.390,111,17,23,,
T,2022-08-31 09:58:37,47.47796653,19.12126950,12,127.057,43.731,10.160,115,17,23,,
T,2022-08-31 09:58:38,47.47791474,19.12138566,13,126.609,43.731,10.370,117,17,23,,
T,2022-08-31 09:58:39,47.47787006,19.12152692,13,128.387,43.731,10.590,116,15,23,,
T,2022-08-31 09:58:40,47.47781107,19.12164683,13,127.963,43.731,10.460,119,15,23,,
T,2022-08-31 09:58:41,47.47779830,19.12179136,12,128.910,43.731,10.730,117,17,23,,
T,2022-08-31 09:58:42,47.47770316,19.12188570,11,131.528,43.730,11.260,126,18,23,,
T,2022-08-31 09:58:43,47.47762334,19.12197539,11,130.718,43.730,10.500,129,19,23,,
T,2022-08-31 09:58:44,47.47755701,19.12208637,12,129.960,43.730,10.860,130,18,22,,
T,2022-08-31 09:58:45,47.47749776,19.12219057,12,128.162,43.730,10.640,131,18,21,,
T,2022-08-31 09:58:46,47.47744448,19.12231986,12,128.399,43.730,10.420,130,18,20,,
T,2022-08-31 09:58:47,47.47735492,19.12240184,12,128.339,43.729,11.260,134,19,20,,
T,2022-08-31 09:58:48,47.47731051,19.12258636,12,126.215,43.729,10.980,128,18,20,,
T,2022-08-31 09:58:49,47.47721220,19.12264512,12,125.218,43.729,10.650,137,17,20,,
T,2022-08-31 09:58:50,47.47712963,19.12273032,11,125.003,43.729,10.360,137,16,20,,
T,2022-08-31 09:58:51,47.47706633,19.12281030,11,121.698,43.729,10.540,138,16,20,,
T,2022-08-31 09:58:52,47.47698325,19.12288808,11,123.189,43.729,10.700,138,16,20,,
T,2022-08-31 09:58:53,47.47689985,19.12296129,11,123.736,43.728,10.460,139,16,20,,
T,2022-08-31 09:58:54,47.47683140,19.12305151,11,124.422,43.728,10.420,134,17,20,,
T,2022-08-31 09:58:55,47.47676099,19.12314767,11,124.570,43.728,10.600,135,16,20,,
T,2022-08-31 09:58:56,47.47670120,19.12325409,10,123.568,43.728,10.370,135,17,20,,
T,2022-08-31 09:58:57,47.47663561,19.12335605,11,124.856,43.728,10.800,134,17,20,,
T,2022-08-31 09:58:58,47.47656839,19.12345817,11,123.367,43.728,10.270,133,17,20,,
T,2022-08-31 09:58:59,47.47650299,19.12355945,11,123.152,43.727,10.640,134,16,20,,
T,2022-08-31 09:59:00,47.47643966,19.12365649,11,123.779,43.727,10.160,134,15,20,,
T,2022-08-31 09:59:01,47.47637052,19.12375947,11,122.695,43.727,10.420,135,16,20,,
T,2022-08-31 09:59:02,47.47630090,19.12383533,11,122.999,43.727,9.890,138,16,20,,
T,2022-08-31 09:59:03,47.47623282,19.12392728,11,123.864,43.727,10.030,138,16,20,,
T,2022-08-31 09:59:04,47.47616843,19.12400746,11,124.178,43.727,10.450,139,17,20,,
T,2022-08-31 09:59:05,47.47610185,19.12412524,11,123.249,43.726,10.390,137,16,20,,
T,2022-08-31 09:59:06,47.47602897,19.12419975,11,122.033,43.726,10.030,139,17,19,,
T,2022-08-31 09:59:07,47.47597249,19.12431694,11,122.895,43.726,10.320,138,17,18,,
T,2022-08-31 09:59:08,47.47590689,19.12441400,11,123.455,43.726,10.250,138,17,18,,
T,2022-08-31 09:59:09,47.47582989,19.12451832,11,121.505,43.726,10.300,138,17,18,,
T,2022-08-31 09:59:10,47.47576305,19.12462455,11,119.899,43.725,10.090,136,16,18,,
T,2022-08-31 09:59:11,47.47568806,19.12470721,11,121.471,43.725,10.300,136,17,18,,
T,2022-08-31 09:59:12,47.47561435,19.12479725,12,122.378,43.725,10.600,137,17,18,,
T,2022-08-31 09:59:13,47.47554174,19.12488175,12,122.080,43.725,10.870,137,17,18,,
T,2022-08-31 09:59:14,47.47546018,19.12497858,12,122.383,43.725,11.550,139,17,18,,
T,2022-08-31 09:59:15,47.47539327,19.12510811,12,121.285,43.725,11.960,136,17,18,,
T,2022-08-31 09:59:16,47.47531873,19.12522813,12,121.483,43.724,12.260,136,17,18,,
T,2022-08-31 09:59:17,47.47522179,19.12534684,12,120.768,43.724,13.940,136,17,18,,
T,2022-08-31 09:59:18,47.47512142,19.12547771,11,120.188,43.724,14.460,136,17,18,,
T,2022-08-31 09:59:19,47.47503250,19.12559629,12,122.603,43.724,14.120,137,17,18,,
T,2022-08-31 09:59:20,47.47491505,19.12574290,12,122.321,43.723,16.370,137,17,18,,
T,2022-08-31 09:59:21,47.47479501,19.12588329,12,123.940,43.723,17.430,135,17,18,,
T,2022-08-31 09:59:22,47.47467580,19.12603041,11,124.698,43.723,17.470,136,17,18,,
T,2022-08-31 09:59:23,47.47455666,19.12619119,12,124.825,43.723,18.640,136,17,18,,
T,2022-08-31 09:59:24,47.47444891,19.12638522,12,125.499,43.722,18.990,135,17,18,,
T,2022-08-31 09:59:25,47.47431571,19.12655696,11,124.853,43.722,20.110,136,17,18,,
T,2022-08-31 09:59:26,47.47417404,19.12674334,11,125.882,43.722,20.780,137,17,18,,
T,2022-08-31 09:59:27,47.47403427,19.12693946,11,126.196,43.721,21.220,136,16,18,,
T,2022-08-31 09:59:28,47.47388135,19.12711254,11,126.380,43.721,21.550,138,16,18,,
T,2022-08-31 09:59:29,47.47373840,19.12728593,11,126.563,43.721,21.190,138,16,18,,
T,2022-08-31 09:59:30,47.47358199,19.12748433,11,126.281,43.720,22.760,138,16,18,,
T,2022-08-31 09:59:31,47.47344622,19.12772060,11,126.015,43.720,22.360,137,16,18,,
T,2022-08-31 09:59:32,47.47331300,19.12795618,11,125.678,43.719,22.540,136,16,18,,
T,2022-08-31 09:59:33,47.47317035,19.12814995,11,125.611,43.719,21.580,137,16,18,,
T,2022-08-31 09:59:34,47.47304243,19.12835552,11,124.613,43.719,22.250,137,15,18,,
T,2022-08-31 09:59:35,47.47289888,19.12856919,11,126.653,43.718,22.120,136,16,18,,
T,2022-08-31 09:59:36,47.47275161,19.12874107,12,127.304,43.718,21.960,137,16,18,,
T,2022-08-31 09:59:37,47.47262998,19.12897217,12,127.016,43.718,21.900,133,15,18,,
T,2022-08-31 09:59:38,47.47250086,19.12918059,12,128.441,43.717,21.870,133,15,18,,
T,2022-08-31 09:59:39,47.47236366,19.12941724,12,127.335,43.717,23.270,132,15,18,,
T,2022-08-31 09:59:40,47.47221626,19.12960222,12,126.710,43.717,21.620,133,16,18,,
T,2022-08-31 09:59:41,47.47208155,19.12981404,12,127.849,43.716,21.660,133,14,18,,
T,2022-08-31 09:59:42,47.47194541,19.13003368,12,127.082,43.716,21.890,130,15,18,,
T,2022-08-31 09:59:43,47.47181415,19.13025474,12,128.047,43.715,22.460,130,16,18,,
T,2022-08-31 09:59:44,47.47170221,19.13050411,12,128.103,43.715,21.920,129,16,18,,
T,2022-08-31 09:59:45,47.47157151,19.13072176,12,128.149,43.715,22.230,129,16,18,,
T,2022-08-31 09:59:46,47.47145289,19.13096786,12,128.341,43.714,21.890,128,15,18,,
T,2022-08-31 09:59:47,47.47132709,19.13118383,12,128.327,43.714,22.100,128,15,19,,
T,2022-08-31 09:59:48,47.47119158,19.13139405,12,128.213,43.713,21.900,129,15,19,,
T,2022-08-31 09:59:49,47.47107694,19.13165108,13,128.038,43.713,22.070,128,14,19,,
T,2022-08-31 09:59:50,47.47097249,19.13188245,13,127.131,43.713,21.530,128,15,19,,
T,2022-08-31 09:59:51,47.47085514,19.13209310,13,126.372,43.712,21.480,128,15,20,,
T,2022-08-31 09:59:52,47.47074387,19.13231294,14,127.026,43.712,21.300,127,16,20,,
T,2022-08-31 09:59:53,47.47063189,19.13253932,13,127.061,43.712,21.540,127,16,20,,
T,2022-08-31 09:59:54,47.47053149,19.13277234,13,127.425,43.711,21.260,126,15,20,,
T,2022-08-31 09:59:55,47.47038920,19.13298987,12,126.482,43.711,21.200,128,15,20,,
T,2022-08-31 09:59:56,47.47030110,19.13322089,12,127.949,43.710,20.220,127,14,20,,
T,2022-08-31 09:59:57,47.47018962,19.13341936,12,127.523,43.710,20.360,127,15,20,,
T,2022-08-31 09:59:58,47.47002996,19.13361346,12,127.208,43.710,21.060,130,15,20,,
T,2022-08-31 09:59:59,47.46997635,19.13386737,13,127.995,43.709,20.180,125,15,20,,
T,2022-08-31 10:00:00,47.46994090,19.13409172,12,126.850,43.709,17.770,123,15,20,,
T,2022-08-31 10:00:01,47.46982941,19.13428594,12,127.884,43.709,18.660,124,15,20,,
T,2022-08-31 10:00:02,47.46973035,19.13449360,12,126.594,43.708,18.560,124,15,19,,
T,2022-08-31 10:00:03,47.46961780,19.13473229,12,125.341,43.708,19.280,124,13,19,,
T,2022-08-31 10:00:04,47.46953013,19.13488857,12,125.825,43.708,17.220,125,14,19,,
T,2022-08-31 10:00:05,47.46942281,19.13509950,12,125.556,43.707,17.190,126,14,19,,
T,2022-08-31 10:00:06,47.46932258,19.13527152,13,124.966,43.707,17.280,127,13,18,,
T,2022-08-31 10:00:07,47.46925258,19.13542310,12,125.584,43.707,15.860,126,13,18,,
T,2022-08-31 10:00:08,47.46921319,19.13562363,12,124.510,43.707,16.090,123,13,18,,
T,2022-08-31 10:00:09,47.46913008,19.13578737,12,124.278,43.706,15.660,124,14,18,,
T,2022-08-31 10:00:10,47.46901331,19.13593978,12,124.003,43.706,16.090,126,14,17,,
T,2022-08-31 10:00:11,47.46893840,19.13610618,12,123.063,43.706,15.460,123,14,17,,
T,2022-08-31 10:00:12,47.46886070,19.13626277,11,122.979,43.705,15.560,124,14,18,,
T,2022-08-31 10:00:13,47.46878810,19.13641747,12,122.344,43.705,15.210,125,15,18,,
T,2022-08-31 10:00:14,47.46872857,19.13656103,12,123.478,43.705,13.210,125,16,18,,
T,2022-08-31 10:00:15,47.46866235,19.13672120,12,122.363,43.705,13.420,127,15,18,,
T,2022-08-31 10:00:16,47.46857511,19.13684072,12,122.068,43.704,13.360,128,15,19,,
T,2022-08-31 10:00:17,47.46848889,19.13698728,13,121.489,43.704,13.680,129,16,19,,
T,2022-08-31 10:00:18,47.46841999,19.13709653,12,122.881,43.704,11.730,129,17,18,,
T,2022-08-31 10:00:19,47.46834925,19.13720533,12,121.394,43.704,11.900,129,16,18,,
T,2022-08-31 10:00:20,47.46828019,19.13731121,12,119.971,43.704,11.100,130,15,18,,
T,2022-08-31 10:00:21,47.46819605,19.13739374,12,121.784,43.703,11.200,132,15,18,,
T,2022-08-31 10:00:22,47.46813973,19.13751221,12,121.469,43.703,11.090,131,14,19,,
T,2022-08-31 10:00:23,47.46807857,19.13762359,12,121.565,43.703,10.060,129,13,19,,
T,2022-08-31 10:00:24,47.46801932,19.13772012,12,122.668,43.703,9.970,132,13,19,,
T,2022-08-31 10:00:25,47.46796497,19.13782727,12,120.953,43.703,10.060,132,14,19,,
T,2022-08-31 10:00:26,47.46791769,19.13795325,12,119.880,43.703,9.730,127,14,19,,
T,2022-08-31 10:00:27,47.46785646,19.13806131,12,119.938,43.702,10.490,127,16,19,,
T,2022-08-31 10:00:28,47.46781066,19.13817692,12,120.135,43.702,10.370,122,16,19,,
T,2022-08-31 10:00:29,47.46775102,19.13828421,12,119.887,43.702,10.320,127,16,19,,
T,2022-08-31 10:00:30,47.46768126,19.13838112,13,119.375,43.702,10.340,130,15,19,,
T,2022-08-31 10:00:31,47.46763971,19.13847927,13,118.990,43.702,8.940,127,15,19,,
T,2022-08-31 10:00:32,47.46754671,19.13857343,13,118.047,43.701,10.610,131,15,19,,
T,2022-08-31 10:00:33,47.46748454,19.13865792,13,118.235,43.701,10.440,128,15,18,,
T,2022-08-31 10:00:34,47.46746164,19.13879858,13,119.348,43.701,10.160,122,13,17,,
T,2022-08-31 10:00:35,47.46738842,19.13888446,14,119.038,43.701,10.570,129,12,17,,
T,2022-08-31 10:00:36,47.46739787,19.13903163,13,121.524,43.701,10.050,120,11,17,,
T,2022-08-31 10:00:37,47.46733633,19.13913776,14,121.323,43.701,10.300,124,11,17,,
T,2022-08-31 10:00:38,47.46727824,19.13928176,12,119.563,43.700,10.090,124,12,17,,
T,2022-08-31 10:00:39,47.46726033,19.13939256,12,118.223,43.700,10.440,120,13,17,,
T,2022-08-31 10:00:40,47.46718880,19.13951804,12,118.774,43.700,11.050,118,13,17,,
T,2022-08-31 10:00:41,47.46715226,19.13972391,13,113.688,43.700,12.160,114,14,18,,
T,2022-08-31 10:00:42,47.46710770,19.13983955,13,112.732,43.700,10.830,115,15,18,,
T,2022-08-31 10:00:43,47.46706820,19.13996889,13,113.549,43.699,10.830,116,15,19,,
T,2022-08-31 10:00:44,47.46702816,19.14006737,13,114.216,43.699,9.920,119,16,19,,
T,2022-08-31 10:00:45,47.46697577,19.14018344,12,115.260,43.699,10.840,122,16,19,,
T,2022-08-31 10:00:46,47.46690867,19.14030143,12,117.655,43.699,10.780,123,16,19,,
T,2022-08-31 10:00:47,47.46689890,19.14041155,12,117.307,43.699,10.210,122,16,19,,
T,2022-08-31 10:00:48,47.46683238,19.14056118,12,115.574,43.698,11.380,124,17,19,,
T,2022-08-31 10:00:49,47.46678588,19.14069915,13,114.911,43.698,11.230,122,17,19,,
T,2022-08-31 10:00:50,47.46671766,19.14078212,14,115.082,43.698,10.440,127,15,19,,
T,2022-08-31 10:00:51,47.46663182,19.14089730,14,113.997,43.698,11.410,129,16,19,,
T,2022-08-31 10:00:52,47.46663617,19.14101124,14,114.519,43.698,9.710,117,15,18,,
T,2022-08-31 10:00:53,47.46660450,19.14115246,15,116.767,43.697,10.470,116,16,18,,
T,2022-08-31 10:00:54,47.46655665,19.14122603,14,116.335,43.697,9.720,123,14,18,,
T,2022-08-31 10:00:55,47.46654660,19.14132628,14,117.394,43.697,9.500,116,14,18,,
T,2022-08-31 10:00:56,47.46648098,19.14137316,13,117.736,43.697,8.780,126,15,18,,
T,2022-08-31 10:00:57,47.46643685,19.14150475,14,117.790,43.697,9.700,122,16,18,,
T,2022-08-31 10:00:58,47.46639473,19.14170188,14,116.333,43.697,11.630,115,16,18,,
T,2022-08-31 10:00:59,47.46633708,19.14192980,14,115.508,43.696,13.480,115,15,18,,
T,2022-08-31 10:01:00,47.46635377,19.14205460,14,116.273,43.696,10.950,108,16,18,,
T,2022-08-31 10:01:01,47.46625738,19.14210762,13,117.658,43.696,10.400,125,16,18,,
T,2022-08-31 10:01:02,47.46621778,19.14228265,13,117.175,43.696,11.720,116,15,17,,
T,2022-08-31 10:01:03,47.46613840,19.14233421,13,117.283,43.696,10.180,127,16,17,,
T,2022-08-31 10:01:04,47.46604648,19.14244601,14,116.481,43.695,11.350,129,16,17,,
T,2022-08-31 10:01:05,47.46596957,19.14257179,13,116.281,43.695,11.630,129,16,17,,
T,2022-08-31 10:01:06,47.46594041,19.14264955,14,117.301,43.695,9.770,127,16,17,,
T,2022-08-31 10:01:07,47.46596385,19.14279810,14,116.634,43.695,9.830,111,15,17,,
T,2022-08-31 10:01:08,47.46591155,19.14293697,14,116.591,43.695,10.610,118,15,17,,
T,2022-08-31 10:01:09,47.46586534,19.14302936,13,115.805,43.694,9.740,119,15,17,,
T,2022-08-31 10:01:10,47.46581951,19.14318912,13,115.400,43.694,11.070,116,15,17,,
T,2022-08-31 10:01:11,47.46576692,19.14326935,13,114.622,43.694,9.680,121,16,18,,
T,2022-08-31 10:01:12,47.46567633,19.14338873,13,115.535,43.694,10.940,126,17,18,,
T,2022-08-31 10:01:13,47.46562860,19.14345105,12,116.333,43.694,9.320,126,17,18,,
T,2022-08-31 10:01:14,47.46560038,19.14364609,12,115.636,43.693,10.860,116,17,18,,
T,2022-08-31 10:01:15,47.46560252,19.14381263,11,116.193,43.693,10.850,112,17,18,,
T,2022-08-31 10:01:16,47.46557391,19.14391514,12,118.571,43.693,10.010,113,17,18,,
T,2022-08-31 10:01:17,47.46551955,19.14406342,12,116.962,43.693,10.810,115,15,18,,
T,2022-08-31 10:01:18,47.46551206,19.14421693,11,115.326,43.693,10.400,109,14,18,,
T,2022-08-31 10:01:19,47.46550391,19.14433260,11,114.261,43.692,9.740,109,14,18,,
T,2022-08-31 10:01:20,47.46542527,19.14444814,11,114.610,43.692,10.740,117,14,18,,
T,2022-08-31 10:01:21,47.46536749,19.14453093,12,115.451,43.692,9.250,122,14,18,,
T,2022-08-31 10:01:22,47.46529252,19.14461952,12,114.968,43.692,9.800,127,14,18,,
T,2022-08-31 10:01:23,47.46524739,19.14471229,11,116.132,43.692,9.800,128,15,18,,
T,2022-08-31 10:01:24,47.46522291,19.14484636,12,117.385,43.692,9.880,120,16,18,,
T,2022-08-31 10:01:25,47.46515274,19.14493806,12,117.078,43.691,9.790,127,15,18,,
T,2022-08-31 10:01:26,47.46507330,19.14501874,11,117.965,43.691,10.090,128,16,18,,
T,2022-08-31 10:01:27,47.46499910,19.14509135,11,115.687,43.691,9.670,128,16,18,,
T,2022-08-31 10:01:28,47.46496960,19.14521915,11,117.174,43.691,9.750,124,16,18,,
T,2022-08-31 10:01:29,47.46492087,19.14535264,11,116.791,43.691,10.020,123,16,18,,
T,2022-08-31 10:01:30,47.46488039,19.14546842,11,119.475,43.691,10.060,122,15,17,,
T,2022-08-31 10:01:31,47.46484833,19.14561688,11,117.684,43.690,10.120,118,15,17,,
T,2022-08-31 10:01:32,47.46481948,19.14574168,11,117.314,43.690,9.950,117,15,17,,
T,2022-08-31 10:01:33,47.46474598,19.14584351,12,116.337,43.690,10.270,124,15,17,,
T,2022-08-31 10:01:34,47.46465215,19.14590966,13,115.790,43.690,10.020,132,15,17,,
T,2022-08-31 10:01:35,47.46462737,19.14605091,13,115.712,43.690,10.130,119,13,17,,
T,2022-08-31 10:01:36,47.46456457,19.14614546,13,115.420,43.689,10.020,126,13,17,,
T,2022-08-31 10:01:37,47.46450811,19.14625017,13,114.557,43.689,9.960,126,12,17,,
T,2022-08-31 10:01:38,47.46451408,19.14640734,13,115.891,43.689,10.590,110,14,17,,
T,2022-08-31 10:01:39,47.46450111,19.14652596,13,116.865,43.689,9.760,110,15,17,,
T,2022-08-31 10:01:40,47.46445825,19.14665055,13,118.829,43.689,10.090,113,15,17,,
T,2022-08-31 10:01:41,47.46443029,19.14674382,13,119.137,43.688,9.240,114,15,17,,
T,2022-08-31 10:01:42,47.46434572,19.14683317,13,118.599,43.688,9.720,123,15,16,,
T,2022-08-31 10:01:43,47.46435726,19.14701393,12,118.981,43.688,10.360,108,15,17,,
T,2022-08-31 10:01:44,47.46433985,19.14712102,12,122.007,43.688,9.490,109,14,17,,
T,2022-08-31 10:01:45,47.46431180,19.14723553,12,118.196,43.688,9.930,111,13,17,,
T,2022-08-31 10:01:46,47.46426722,19.14733350,11,118.928,43.688,9.570,111,13,17,,
T,2022-08-31 10:01:47,47.46423363,19.14746010,11,120.714,43.687,9.680,112,12,17,,
T,2022-08-31 10:01:48,47.46421593,19.14763041,12,121.635,43.687,10.710,108,12,17,,
T,2022-08-31 10:01:49,47.46420488,19.14776248,12,121.487,43.687,9.850,107,13,17,,
T,2022-08-31 10:01:50,47.46418646,19.14787555,12,122.791,43.687,9.850,104,15,17,,
T,2022-08-31 10:01:51,47.46416560,19.14797563,12,123.171,43.687,9.200,105,15,17,,
T,2022-08-31 10:01:52,47.46414509,19.14812601,13,121.840,43.686,10.330,105,15,17,,
T,2022-08-31 10:01:53,47.46409530,19.14822751,11,121.799,43.686,9.350,111,15,17,,
T,2022-08-31 10:01:54,47.46405430,19.14830696,11,121.672,43.686,9.060,111,14,17,,
T,2022-08-31 10:01:55,47.46402106,19.14840930,11,122.082,43.686,9.230,114,14,18,,
T,2022-08-31 10:01:56,47.46398907,19.14851802,11,123.223,43.686,8.910,110,13,18,,
T,2022-08-31 10:01:57,47.46395993,19.14862276,11,122.907,43.686,8.930,110,13,18,,
T,2022-08-31 10:01:58,47.46393279,19.14870929,11,123.624,43.686,7.650,110,13,17,,
T,2022-08-31 10:01:59,47.46390408,19.14880467,11,125.681,43.685,7.610,107,12,17,,
T,2022-08-31 10:02:00,47.46387743,19.14888513,11,124.578,43.685,7.090,110,13,17,,
T,2022-08-31 10:02:01,47.46386235,19.14897704,11,125.942,43.685,7.150,112,13,17,,
T,2022-08-31 10:02:02,47.46383433,19.14906883,11,126.773,43.685,7.360,108,13,19,,
T,2022-08-31 10:02:03,47.46379506,19.14915608,12,126.681,43.685,7.400,111,15,19,,
T,2022-08-31 10:02:04,47.46375860,19.14927166,12,126.720,43.685,8.290,111,16,19,,
T,2022-08-31 10:02:05,47.46375212,19.14928967,12,127.139,43.685,3.730,108,17,19,,
T,2022-08-31 10:02:06,47.46374021,19.14933248,11,126.421,43.685,3.630,114,17,19,,
T,2022-08-31 10:02:07,47.46374254,19.14934843,11,124.981,43.685,2.490,110,17,19,,
T,2022-08-31 10:02:08,47.46372291,19.14941744,11,125.112,43.684,5.840,102,17,21,,
T,2022-08-31 10:02:09,47.46371523,19.14948466,11,125.276,43.684,4.220,107,17,21,,
T,2022-08-31 10:02:10,47.46370374,19.14954675,12,127.552,43.684,3.620,118,17,22,,
T,2022-08-31 10:02:11,47.46368497,19.14957057,12,128.434,43.684,2.670,140,17,22,,
T,2022-08-31 10:02:12,47.46367088,19.14961745,12,127.849,43.684,3.330,125,15,23,,
T,2022-08-31 10:02:13,47.46364726,19.14964361,13,127.679,43.684,2.920,145,15,23,,
T,2022-08-31 10:02:14,47.46363166,19.14966132,13,127.195,43.684,2.480,165,14,23,,
T,2022-08-31 10:02:15,47.46361174,19.14967970,14,127.688,43.684,2.530,146,13,22,,
T,2022-08-31 10:02:16,47.46361327,19.14968534,14,127.151,43.684,1.630,151,12,22,,
T,2022-08-31 10:02:17,47.46361132,19.14969283,14,127.027,43.684,0.650,155,11,22,,
T,2022-08-31 10:02:18,47.46361575,19.14965287,14,126.208,43.684,0.540,195,11,22,,
T,2022-08-31 10:02:19,47.46360571,19.14965782,14,126.182,43.684,0.450,125,11,22,,
T,2022-08-31 10:02:20,47.46360470,19.14965407,14,125.486,43.684,0.220,161,12,22,,
T,2022-08-31 10:02:21,47.46360095,19.14965269,14,125.060,43.684,0.000,,13,23,,
T,2022-08-31 10:02:22,47.46360063,19.14965416,14,124.173,43.684,0.550,107,14,23,,
T,2022-08-31 10:02:23,47.46360542,19.14965903,14,124.097,43.684,0.820,62,15,23,,
T,2022-08-31 10:02:24,47.46361051,19.14966655,14,123.637,43.684,0.610,77,14,22,,
T,2022-08-31 10:02:25,47.46361425,19.14966736,14,124.354,43.684,0.160,69,14,22,,
T,2022-08-31 10:02:26,47.46361794,19.14966326,14,124.970,43.684,0.370,130,13,22,,
T,2022-08-31 10:02:27,47.46361901,19.14966038,14,125.078,43.684,0.530,247,11,22,,
T,2022-08-31 10:02:28,47.46361985,19.14966004,14,126.456,43.684,0.760,170,10,22,,
T,2022-08-31 10:02:29,47.46362163,19.14966014,14,126.454,43.684,0.250,150,11,20,,
T,2022-08-31 10:02:30,47.46362661,19.14966173,14,125.698,43.684,0.550,119,12,19,,
T,2022-08-31 10:02:31,47.46363484,19.14966174,14,125.068,43.684,0.310,296,11,18,,
T,2022-08-31 10:02:32,47.46366165,19.14965290,13,127.500,43.684,0.000,,12,17,,
T,2022-08-31 10:02:33,47.46367987,19.14964933,13,127.626,43.684,0.000,,12,16,,
