type,date time,latitude,longitude,accuracy(m),altitude(m),geoid_height(m),speed(m/s),bearing(deg),sat_used,sat_inview,name,desc
T,2025-01-23 06:25:54,47.67507636,17.66609409,9.38,96.726,44.191,0.000,,17,19,20250123-072554,GPS Logger: 20250123-072554 - seta-busz
T,2025-01-23 06:25:55,47.67508152,17.66609086,8.97,95.871,44.191,0.000,,18,20,,
T,2025-01-23 06:25:56,47.67508903,17.66608397,8.56,95.854,44.191,0.000,,18,22,,
T,2025-01-23 06:25:57,47.67510297,17.66608412,7.45,97.158,44.191,0.000,,20,23,,
T,2025-01-23 06:25:58,47.67511153,17.66608371,7.33,98.662,44.191,0.000,,20,23,,
T,2025-01-23 06:25:59,47.67511162,17.66608555,6.87,99.617,44.191,0.000,,20,23,,
T,2025-01-23 06:26:00,47.67511156,17.66608740,6.28,99.404,44.191,0.000,,20,24,,
T,2025-01-23 06:26:01,47.67511386,17.66609721,5.75,98.947,44.191,0.000,,21,25,,
T,2025-01-23 06:26:02,47.67511453,17.66610221,5.30,98.398,44.191,0.000,,22,27,,
T,2025-01-23 06:26:03,47.67511770,17.66610510,5.35,97.902,44.191,0.000,,24,27,,
T,2025-01-23 06:26:04,47.67511601,17.66610727,5.22,97.486,44.191,0.000,,24,29,,
T,2025-01-23 06:26:05,47.67511084,17.66611317,5.04,97.209,44.191,0.560,358,24,29,,
T,2025-01-23 06:26:06,47.67511681,17.66611065,4.80,99.503,44.191,0.380,350,24,29,,
T,2025-01-23 06:26:07,47.67512417,17.66611846,4.66,102.379,44.191,0.000,,25,29,,
T,2025-01-23 06:26:08,47.67513812,17.66613124,4.47,104.398,44.191,0.540,66,25,30,,
T,2025-01-23 06:26:09,47.67515568,17.66614724,4.09,105.119,44.191,0.580,6,25,31,,
T,2025-01-23 06:26:10,47.67516584,17.66614624,3.90,107.123,44.191,0.420,331,24,31,,
T,2025-01-23 06:26:11,47.67517338,17.66615247,3.79,108.224,44.191,0.420,3,25,31,,
T,2025-01-23 06:26:12,47.67518332,17.66615889,3.79,106.980,44.191,1.150,13,26,31,,
T,2025-01-23 06:26:13,47.67519540,17.66616963,3.79,108.057,44.191,1.210,24,27,31,,
T,2025-01-23 06:26:14,47.67520781,17.66617912,3.79,108.379,44.191,1.220,25,27,32,,
T,2025-01-23 06:26:15,47.67522190,17.66618925,3.79,108.549,44.191,1.270,21,27,32,,
T,2025-01-23 06:26:16,47.67523416,17.66620315,3.79,108.835,44.191,1.240,30,27,32,,
T,2025-01-23 06:26:17,47.67524672,17.66621283,3.79,108.981,44.191,1.250,25,27,32,,
T,2025-01-23 06:26:18,47.67526036,17.66622049,3.79,108.789,44.191,1.260,17,27,31,,
T,2025-01-23 06:26:19,47.67527525,17.66622989,3.79,109.961,44.191,1.310,22,27,31,,
T,2025-01-23 06:26:20,47.67529199,17.66623841,3.79,110.295,44.191,1.330,15,27,31,,
T,2025-01-23 06:26:21,47.67531020,17.66623387,3.79,111.400,44.191,1.630,336,27,31,,
T,2025-01-23 06:26:22,47.67532795,17.66622785,3.79,111.642,44.191,1.570,333,27,31,,
T,2025-01-23 06:26:23,47.67534317,17.66621562,3.79,112.351,44.191,1.820,325,27,31,,
T,2025-01-23 06:26:24,47.67535502,17.66620780,3.79,112.400,44.190,1.940,359,27,31,,
T,2025-01-23 06:26:25,47.67536466,17.66619860,3.79,112.414,44.190,1.300,320,27,31,,
T,2025-01-23 06:26:26,47.67537301,17.66618729,3.79,111.788,44.190,1.280,310,27,31,,
T,2025-01-23 06:26:27,47.67538738,17.66618161,3.79,111.783,44.190,1.320,325,27,31,,
T,2025-01-23 06:26:28,47.67539699,17.66617414,3.79,111.904,44.190,1.280,317,27,31,,
T,2025-01-23 06:26:29,47.67540830,17.66617276,3.79,111.873,44.190,2.340,14,27,31,,
T,2025-01-23 06:26:30,47.67541955,17.66616614,3.79,112.280,44.190,2.480,8,27,31,,
T,2025-01-23 06:26:31,47.67543059,17.66615731,3.79,112.145,44.190,1.500,341,27,31,,
T,2025-01-23 06:26:32,47.67543512,17.66614153,3.79,111.477,44.190,1.420,309,27,31,,
T,2025-01-23 06:26:33,47.67544271,17.66612914,3.79,111.161,44.190,1.270,318,27,31,,
T,2025-01-23 06:26:34,47.67545455,17.66612388,3.79,111.130,44.190,1.440,347,27,31,,
T,2025-01-23 06:26:35,47.67546542,17.66611403,3.79,111.228,44.190,1.990,2,27,31,,
T,2025-01-23 06:26:36,47.67547441,17.66610292,3.79,111.184,44.190,1.270,339,27,31,,
T,2025-01-23 06:26:37,47.67548160,17.66608959,3.79,111.159,44.190,1.270,319,27,31,,
T,2025-01-23 06:26:38,47.67548828,17.66607566,3.79,110.922,44.190,1.260,318,27,31,,
T,2025-01-23 06:26:39,47.67549567,17.66606196,3.79,110.627,44.190,1.240,316,27,31,,
T,2025-01-23 06:26:40,47.67550546,17.66605439,3.79,110.877,44.190,1.220,333,27,31,,
T,2025-01-23 06:26:41,47.67551455,17.66604690,3.79,110.646,44.190,1.210,320,27,31,,
T,2025-01-23 06:26:42,47.67552589,17.66604301,3.79,110.989,44.190,1.200,347,27,31,,
T,2025-01-23 06:26:43,47.67553812,17.66603937,3.79,111.439,44.190,1.190,348,27,31,,
T,2025-01-23 06:26:44,47.67554933,17.66603914,3.79,111.504,44.190,1.210,14,27,31,,
T,2025-01-23 06:26:45,47.67556064,17.66603350,3.79,111.494,44.190,1.190,354,27,31,,
T,2025-01-23 06:26:46,47.67557174,17.66602912,3.79,111.728,44.190,1.200,5,27,31,,
T,2025-01-23 06:26:47,47.67558302,17.66602647,3.79,111.839,44.190,1.220,5,27,31,,
T,2025-01-23 06:26:48,47.67559412,17.66602458,3.79,111.695,44.190,1.240,9,27,31,,
T,2025-01-23 06:26:49,47.67560410,17.66602322,3.79,111.686,44.190,1.230,4,27,31,,
T,2025-01-23 06:26:50,47.67561556,17.66602176,3.79,112.013,44.190,1.240,3,27,31,,
T,2025-01-23 06:26:51,47.67562833,17.66602230,3.79,112.267,44.190,1.260,6,27,31,,
T,2025-01-23 06:26:52,47.67564166,17.66602515,3.79,111.923,44.190,1.290,16,27,31,,
T,2025-01-23 06:26:53,47.67565491,17.66602834,3.79,111.626,44.190,1.300,5,27,31,,
T,2025-01-23 06:26:54,47.67566782,17.66602829,3.79,111.476,44.190,1.290,2,27,31,,
T,2025-01-23 06:26:55,47.67568201,17.66602601,3.79,111.737,44.190,1.300,359,27,31,,
T,2025-01-23 06:26:56,47.67569479,17.66602107,3.79,111.764,44.190,1.310,343,27,31,,
T,2025-01-23 06:26:57,47.67570671,17.66601096,3.79,111.989,44.190,1.300,324,27,31,,
T,2025-01-23 06:41:44,47.67496820,17.65076204,3.79,105.749,44.192,1.040,252,19,25,,
T,2025-01-23 06:41:45,47.67496868,17.65074308,3.79,105.588,44.192,1.370,252,19,28,,
T,2025-01-23 06:41:46,47.67497104,17.65071928,3.79,105.774,44.192,1.390,252,23,28,,
T,2025-01-23 06:41:47,47.67497882,17.65070455,3.79,105.107,44.192,1.120,252,23,28,,
T,2025-01-23 06:41:48,47.67498785,17.65069158,3.79,105.246,44.192,1.130,252,23,28,,
T,2025-01-23 06:41:49,47.67500118,17.65068013,3.79,105.119,44.192,1.240,252,23,28,,
T,2025-01-23 06:41:50,47.67501276,17.65066955,3.79,105.234,44.192,1.130,252,23,28,,
T,2025-01-23 06:41:51,47.67502323,17.65065932,3.79,105.322,44.192,1.130,252,23,28,,
T,2025-01-23 06:41:52,47.67502956,17.65065293,3.79,105.635,44.192,0.990,252,23,28,,
T,2025-01-23 06:41:53,47.67504445,17.65065063,3.79,105.579,44.191,1.700,354,23,28,,
T,2025-01-23 06:41:54,47.67506215,17.65064501,3.79,105.528,44.191,1.780,348,23,28,,
T,2025-01-23 06:41:55,47.67507662,17.65063805,3.79,105.450,44.191,2.110,349,23,28,,
T,2025-01-23 06:41:56,47.67509358,17.65063246,3.79,105.965,44.191,2.040,350,23,28,,
T,2025-01-23 06:41:57,47.67511065,17.65062462,3.79,106.192,44.191,1.990,346,23,28,,
T,2025-01-23 06:41:58,47.67512537,17.65061513,3.79,107.189,44.191,1.970,333,23,28,,
T,2025-01-23 06:41:59,47.67513822,17.65060757,3.79,108.592,44.191,1.960,332,23,28,,
T,2025-01-23 06:42:00,47.67515101,17.65060179,3.79,109.178,44.191,1.690,348,22,28,,
T,2025-01-23 06:42:01,47.67516443,17.65059729,3.79,110.034,44.191,1.640,346,22,28,,
T,2025-01-23 06:42:02,47.67517931,17.65059038,3.79,110.162,44.191,1.680,334,22,28,,
T,2025-01-23 06:42:03,47.67519377,17.65058289,3.79,110.507,44.191,1.630,333,22,28,,
T,2025-01-23 06:42:04,47.67520832,17.65057347,3.79,111.443,44.191,1.610,332,22,28,,
T,2025-01-23 06:42:05,47.67522172,17.65056727,3.79,111.785,44.191,1.600,330,22,28,,
T,2025-01-23 06:42:06,47.67523507,17.65056004,3.79,112.699,44.191,1.590,331,22,28,,
T,2025-01-23 06:42:07,47.67524769,17.65055348,3.79,112.868,44.191,1.580,331,22,28,,
T,2025-01-23 06:42:08,47.67526059,17.65055209,3.79,112.570,44.191,1.610,333,22,28,,
T,2025-01-23 06:42:09,47.67527360,17.65055070,3.79,112.932,44.191,1.520,350,22,28,,
T,2025-01-23 06:42:10,47.67528609,17.65054426,3.79,112.901,44.191,1.540,339,22,28,,
T,2025-01-23 06:42:11,47.67529870,17.65053888,3.79,113.665,44.191,1.640,335,22,28,,
T,2025-01-23 06:42:12,47.67530999,17.65053005,3.79,114.382,44.191,1.520,334,22,28,,
T,2025-01-23 06:42:13,47.67532247,17.65052110,3.79,114.330,44.191,1.520,337,22,28,,
T,2025-01-23 06:42:14,47.67533455,17.65051546,3.79,115.021,44.191,1.510,346,22,28,,
T,2025-01-23 06:42:15,47.67534647,17.65050753,3.79,115.346,44.191,1.500,337,22,28,,
T,2025-01-23 06:42:16,47.67535927,17.65050305,3.79,116.750,44.191,1.540,339,21,28,,
T,2025-01-23 06:42:17,47.67537226,17.65050102,3.79,115.803,44.191,1.510,358,20,27,,
T,2025-01-23 06:42:18,47.67538565,17.65049740,3.79,114.934,44.191,1.520,344,20,27,,
T,2025-01-23 06:42:19,47.67540119,17.65049282,3.79,115.476,44.191,1.500,344,20,27,,
T,2025-01-23 06:42:20,47.67541559,17.65049098,3.79,115.580,44.191,1.490,347,20,27,,
T,2025-01-23 06:42:21,47.67542889,17.65048722,3.79,115.860,44.191,1.470,350,21,27,,
T,2025-01-23 06:42:22,47.67544415,17.65048933,3.79,116.309,44.191,2.450,33,21,27,,
T,2025-01-23 06:42:23,47.67545891,17.65049464,3.79,116.303,44.191,1.480,11,21,27,,
T,2025-01-23 06:42:24,47.67547050,17.65049623,3.79,116.257,44.190,1.360,7,21,27,,
T,2025-01-23 06:42:25,47.67548219,17.65049839,3.79,116.273,44.190,1.480,7,21,27,,
T,2025-01-23 06:42:26,47.67549528,17.65049370,3.79,115.932,44.190,1.400,356,21,27,,
T,2025-01-23 06:42:27,47.67550403,17.65050034,3.79,115.687,44.190,1.330,26,21,27,,
T,2025-01-23 06:42:28,47.67551696,17.65050616,3.80,116.207,44.190,1.490,18,21,27,,
T,2025-01-23 06:42:29,47.67552795,17.65051596,3.79,116.394,44.190,1.430,27,21,27,,
T,2025-01-23 06:42:30,47.67554093,17.65052002,3.79,116.572,44.190,1.480,358,22,27,,
T,2025-01-23 06:42:31,47.67555181,17.65051737,3.79,116.691,44.190,1.170,345,22,27,,
T,2025-01-23 06:42:32,47.67556144,17.65051815,3.79,116.553,44.190,1.440,352,22,27,,
T,2025-01-23 06:42:33,47.67557321,17.65051880,3.79,117.060,44.190,1.490,352,22,27,,
T,2025-01-23 06:42:34,47.67558656,17.65052460,3.79,117.895,44.190,2.080,12,22,27,,
T,2025-01-23 06:42:35,47.67560257,17.65053123,3.79,119.224,44.190,1.650,9,22,27,,
T,2025-01-23 06:42:36,47.67561116,17.65053281,3.79,119.274,44.190,1.420,9,22,27,,
T,2025-01-23 06:42:37,47.67562134,17.65053160,3.79,119.171,44.190,1.230,346,22,27,,
T,2025-01-23 06:42:38,47.67563683,17.65053664,3.79,119.615,44.190,1.500,358,22,28,,
T,2025-01-23 06:42:39,47.67565181,17.65053872,3.79,120.208,44.190,1.450,355,22,28,,
T,2025-01-23 06:42:40,47.67566810,17.65054321,3.79,121.353,44.190,1.530,14,22,28,,
T,2025-01-23 06:42:41,47.67568273,17.65054774,3.79,122.114,44.190,1.460,2,23,28,,
T,2025-01-23 06:42:42,47.67569894,17.65054909,3.79,122.245,44.190,1.470,3,23,28,,
T,2025-01-23 06:42:43,47.67571229,17.65055046,3.79,122.589,44.190,1.450,8,23,28,,
T,2025-01-23 06:42:44,47.67572635,17.65056107,3.79,123.034,44.190,1.590,31,22,28,,
T,2025-01-23 06:42:45,47.67574047,17.65056714,3.79,123.624,44.190,1.450,10,22,28,,
T,2025-01-23 06:42:46,47.67575388,17.65057367,3.79,124.076,44.190,1.460,7,23,28,,
T,2025-01-23 06:42:47,47.67576838,17.65057846,3.79,124.679,44.190,1.450,358,23,28,,
T,2025-01-23 06:42:48,47.67578153,17.65057897,3.79,125.002,44.190,1.430,359,23,28,,
T,2025-01-23 06:42:49,47.67579384,17.65057594,3.79,125.313,44.190,1.430,348,23,28,,
T,2025-01-23 06:42:50,47.67580581,17.65057577,3.79,125.532,44.190,1.440,356,23,28,,
T,2025-01-23 06:42:51,47.67581810,17.65058120,3.79,126.133,44.190,1.540,9,23,28,,
T,2025-01-23 06:42:52,47.67583022,17.65059066,3.79,127.117,44.190,1.380,22,22,28,,
T,2025-01-23 06:42:53,47.67583638,17.65057510,3.79,122.797,44.190,1.510,24,23,28,,
T,2025-01-23 06:42:54,47.67584968,17.65055547,3.79,121.669,44.190,1.640,358,23,28,,
T,2025-01-23 06:42:55,47.67586226,17.65053639,3.79,120.978,44.190,1.370,354,23,28,,
T,2025-01-23 06:42:56,47.67587816,17.65052028,3.79,120.875,44.190,1.460,358,23,28,,
T,2025-01-23 06:42:57,47.67589440,17.65050963,3.79,121.201,44.189,1.450,355,23,28,,
T,2025-01-23 06:42:58,47.67591006,17.65050209,3.79,121.047,44.189,1.470,356,23,28,,
T,2025-01-23 06:42:59,47.67592317,17.65049445,3.79,120.459,44.189,1.440,354,23,28,,
T,2025-01-23 06:43:00,47.67593495,17.65048794,3.79,120.100,44.189,1.420,356,23,28,,
T,2025-01-23 06:43:01,47.67595111,17.65048378,3.79,120.552,44.189,1.540,356,23,28,,
T,2025-01-23 06:43:02,47.67596615,17.65047818,3.79,120.590,44.189,1.520,347,23,28,,
T,2025-01-23 06:43:03,47.67597858,17.65046505,3.79,119.518,44.189,1.510,342,23,28,,
T,2025-01-23 06:43:04,47.67599190,17.65045788,3.79,119.107,44.189,1.510,6,23,28,,
T,2025-01-23 06:43:05,47.67600385,17.65045719,3.79,119.232,44.189,1.300,3,23,28,,
T,2025-01-23 06:43:06,47.67601677,17.65044808,3.79,118.625,44.189,1.180,352,23,28,,
T,2025-01-23 06:43:07,47.67603170,17.65043422,3.79,117.265,44.189,1.300,352,22,28,,
T,2025-01-23 06:43:08,47.67604688,17.65042446,3.79,117.480,44.189,1.340,354,22,28,,
T,2025-01-23 06:43:09,47.67606138,17.65041877,3.79,117.643,44.189,1.320,358,22,28,,
T,2025-01-23 06:43:10,47.67607540,17.65041923,3.79,117.284,44.189,1.310,9,22,28,,
T,2025-01-23 06:43:11,47.67609043,17.65041959,3.79,117.813,44.189,1.590,2,22,28,,
T,2025-01-23 06:52:34,47.68066105,17.64431411,6.84,152.878,44.178,0.000,,19,24,,
T,2025-01-23 06:52:35,47.68065900,17.64431252,5.96,149.302,44.178,0.000,,19,25,,
T,2025-01-23 06:52:36,47.68067348,17.64430012,5.72,154.002,44.178,0.000,,19,25,,
T,2025-01-23 06:52:37,47.68066856,17.64432163,4.95,143.258,44.178,0.000,,19,27,,
T,2025-01-23 06:52:38,47.68067354,17.64433787,4.48,135.811,44.178,0.220,327,19,30,,
T,2025-01-23 06:52:39,47.68067923,17.64433593,4.27,132.297,44.178,0.560,320,18,32,,
T,2025-01-23 06:52:40,47.68068871,17.64433334,4.74,130.854,44.178,0.640,321,19,32,,
T,2025-01-23 06:52:41,47.68068513,17.64434603,4.27,127.443,44.178,0.000,,19,32,,
T,2025-01-23 06:52:42,47.68068619,17.64434454,4.20,129.071,44.178,0.000,,19,33,,
T,2025-01-23 06:52:43,47.68068718,17.64434454,4.06,130.680,44.178,0.000,,19,34,,
T,2025-01-23 06:52:44,47.68068865,17.64434498,4.32,130.653,44.178,0.000,,19,34,,
T,2025-01-23 06:52:45,47.68068699,17.64434342,3.85,130.348,44.178,0.000,,19,34,,
T,2025-01-23 06:52:46,47.68068515,17.64434191,3.79,128.611,44.178,0.000,,22,35,,
T,2025-01-23 06:52:47,47.68068437,17.64433849,3.79,129.258,44.178,0.000,,25,35,,
T,2025-01-23 06:52:48,47.68068597,17.64433765,3.79,128.368,44.178,0.000,,25,35,,
T,2025-01-23 06:52:49,47.68068684,17.64433880,3.86,128.020,44.178,0.000,,25,35,,
T,2025-01-23 06:52:50,47.68068673,17.64434011,3.90,128.361,44.178,0.000,,25,35,,
T,2025-01-23 06:52:51,47.68068700,17.64433962,4.00,128.559,44.178,0.000,,24,35,,
T,2025-01-23 06:52:52,47.68068738,17.64433901,4.10,128.780,44.178,0.000,,24,35,,
T,2025-01-23 06:52:53,47.68068790,17.64433715,4.09,129.423,44.178,0.000,,21,35,,
T,2025-01-23 06:52:54,47.68068825,17.64433449,3.79,130.424,44.178,0.000,,21,35,,
T,2025-01-23 06:52:55,47.68068845,17.64433354,3.79,130.869,44.178,0.000,,24,36,,
T,2025-01-23 06:52:56,47.68068848,17.64433347,3.79,130.877,44.178,0.000,,25,36,,
T,2025-01-23 06:52:57,47.68068866,17.64433278,3.79,131.247,44.178,0.000,,25,36,,
T,2025-01-23 06:52:58,47.68068863,17.64433220,3.79,131.411,44.178,0.000,,26,36,,
T,2025-01-23 06:52:59,47.68068917,17.64433162,3.79,131.701,44.178,0.000,,26,36,,
T,2025-01-23 06:53:00,47.68068944,17.64433073,3.79,131.994,44.178,0.000,,27,35,,
T,2025-01-23 06:53:01,47.68068937,17.64433127,3.79,131.723,44.178,0.000,,26,35,,
T,2025-01-23 06:53:02,47.68068712,17.64432158,3.79,130.181,44.178,0.270,321,27,35,,
T,2025-01-23 06:53:03,47.68069545,17.64431249,3.79,130.078,44.178,1.320,317,27,33,,
T,2025-01-23 06:53:04,47.68070682,17.64429936,3.79,130.162,44.178,1.590,317,26,33,,
T,2025-01-23 06:53:05,47.68071924,17.64429060,3.79,130.706,44.178,1.310,338,26,33,,
T,2025-01-23 06:53:06,47.68073091,17.64428276,3.79,130.309,44.178,1.240,342,26,34,,
T,2025-01-23 06:53:07,47.68074378,17.64427144,3.79,130.232,44.178,1.500,334,27,34,,
T,2025-01-23 06:53:08,47.68075264,17.64426358,3.79,130.491,44.178,1.080,336,27,34,,
T,2025-01-23 06:53:09,47.68075936,17.64425618,3.79,130.424,44.178,0.830,341,27,34,,
T,2025-01-23 06:53:10,47.68075698,17.64424979,3.79,130.131,44.178,0.000,,27,35,,
T,2025-01-23 06:53:11,47.68075319,17.64424875,3.79,129.924,44.178,0.000,,27,35,,
T,2025-01-23 06:53:12,47.68075006,17.64424648,3.79,129.627,44.178,0.000,,26,35,,
T,2025-01-23 06:53:13,47.68075166,17.64424250,3.79,129.299,44.178,0.330,345,24,35,,
T,2025-01-23 06:53:14,47.68076065,17.64423565,3.79,129.307,44.178,1.240,345,26,35,,
T,2025-01-23 06:53:15,47.68077533,17.64422332,3.79,128.924,44.178,1.790,339,26,35,,
T,2025-01-23 06:53:16,47.68079908,17.64420709,3.79,128.675,44.178,2.780,344,24,35,,
T,2025-01-23 06:53:17,47.68082925,17.64418578,3.79,128.018,44.178,3.540,340,24,35,,
T,2025-01-23 06:53:18,47.68086399,17.64415784,3.79,127.143,44.178,4.140,337,24,35,,
T,2025-01-23 06:53:19,47.68089949,17.64413117,3.79,126.198,44.178,4.120,339,24,35,,
T,2025-01-23 06:53:20,47.68093230,17.64410894,3.79,125.182,44.178,3.830,340,21,35,,
T,2025-01-23 06:53:21,47.68096728,17.64408151,3.79,123.681,44.178,4.390,338,24,35,,
T,2025-01-23 06:53:22,47.68100778,17.64405091,3.79,124.628,44.177,4.450,338,25,35,,
T,2025-01-23 06:53:23,47.68104612,17.64402279,3.79,125.141,44.177,4.280,338,28,35,,
T,2025-01-23 06:53:24,47.68107883,17.64399380,3.79,125.863,44.177,4.000,336,28,35,,
T,2025-01-23 06:53:25,47.68110853,17.64397768,3.79,123.991,44.177,3.160,343,28,35,,
T,2025-01-23 06:53:26,47.68113330,17.64396378,3.79,123.512,44.177,2.870,339,28,35,,
T,2025-01-23 06:53:27,47.68115513,17.64395371,3.79,123.896,44.177,2.330,341,28,35,,
T,2025-01-23 06:53:28,47.68117021,17.64394583,3.79,124.623,44.177,1.600,343,28,35,,
T,2025-01-23 06:53:29,47.68118165,17.64393882,3.79,124.370,44.177,1.320,343,27,35,,
T,2025-01-23 06:53:30,47.68119102,17.64393307,3.79,124.748,44.177,1.250,343,27,35,,
T,2025-01-23 06:53:31,47.68120248,17.64392551,3.79,124.645,44.177,1.530,342,26,35,,
T,2025-01-23 06:53:32,47.68121404,17.64391895,3.79,122.419,44.177,1.650,342,25,35,,
T,2025-01-23 06:53:33,47.68122926,17.64391128,3.79,122.220,44.177,1.910,339,26,35,,
T,2025-01-23 06:53:34,47.68124569,17.64390230,3.79,122.443,44.177,1.960,340,26,35,,
T,2025-01-23 06:53:35,47.68126235,17.64389327,3.79,122.339,44.177,1.880,340,24,35,,
T,2025-01-23 06:53:36,47.68127816,17.64388704,3.79,122.304,44.177,1.840,356,24,35,,
T,2025-01-23 06:53:37,47.68129859,17.64388032,3.79,122.335,44.177,2.320,359,23,35,,
T,2025-01-23 06:53:38,47.68132352,17.64386519,3.79,122.810,44.177,2.920,347,23,35,,
T,2025-01-23 06:53:39,47.68134712,17.64384475,3.79,122.665,44.177,2.760,337,19,35,,
T,2025-01-23 06:53:40,47.68136715,17.64382669,3.79,122.724,44.177,2.320,336,20,35,,
T,2025-01-23 06:53:41,47.68138240,17.64381193,3.79,122.446,44.177,1.890,334,20,35,,
T,2025-01-23 06:53:42,47.68139526,17.64380127,3.79,122.475,44.177,1.580,342,21,35,,
T,2025-01-23 06:53:43,47.68140614,17.64379547,3.79,121.390,44.177,1.090,340,21,35,,
T,2025-01-23 06:53:44,47.68141048,17.64379512,3.79,120.611,44.177,0.300,340,23,35,,
T,2025-01-23 06:53:45,47.68141352,17.64380057,3.79,119.921,44.177,0.000,,23,35,,
T,2025-01-23 06:53:46,47.68141782,17.64380419,3.79,119.129,44.177,0.000,,24,35,,
T,2025-01-23 06:53:47,47.68142061,17.64380476,3.79,118.837,44.177,0.000,,24,35,,
T,2025-01-23 06:53:48,47.68142268,17.64380447,3.79,119.012,44.177,0.000,,24,35,,
T,2025-01-23 06:53:49,47.68142275,17.64380252,3.79,119.407,44.177,0.000,,24,35,,
T,2025-01-23 06:53:50,47.68142290,17.64380240,3.79,119.188,44.177,0.000,,24,35,,
T,2025-01-23 06:53:51,47.68142524,17.64380341,3.79,118.236,44.176,0.000,,25,35,,
T,2025-01-23 06:53:52,47.68142624,17.64380263,3.79,118.155,44.176,0.000,,25,35,,
T,2025-01-23 06:53:53,47.68142663,17.64380184,3.79,118.231,44.176,0.000,,26,35,,
T,2025-01-23 06:53:54,47.68142696,17.64379969,3.79,118.473,44.176,0.000,,26,35,,
T,2025-01-23 06:53:55,47.68142715,17.64379819,3.79,118.420,44.176,0.000,,26,35,,
T,2025-01-23 06:53:56,47.68142730,17.64379758,3.79,118.461,44.176,0.000,,25,35,,
T,2025-01-23 06:53:57,47.68142751,17.64379747,3.79,118.408,44.176,0.000,,25,35,,
T,2025-01-23 06:53:58,47.68142760,17.64379748,3.79,118.388,44.176,0.000,,24,35,,
T,2025-01-23 06:53:59,47.68142773,17.64379765,3.79,118.322,44.176,0.000,,25,35,,
T,2025-01-23 06:54:00,47.68142777,17.64379770,3.79,118.318,44.176,0.000,,25,35,,
T,2025-01-23 06:54:01,47.68142779,17.64379770,3.79,118.318,44.176,0.000,,25,35,,
T,2025-01-23 06:54:02,47.68142781,17.64379771,3.79,118.309,44.176,0.000,,25,35,,
T,2025-01-23 06:54:03,47.68142782,17.64379771,3.79,118.310,44.176,0.000,,24,35,,
T,2025-01-23 06:54:04,47.68142767,17.64379782,3.79,118.320,44.176,0.000,,23,35,,
T,2025-01-23 06:54:05,47.68142764,17.64379772,3.79,118.348,44.176,0.000,,24,35,,
T,2025-01-23 06:54:06,47.68142766,17.64379772,3.79,118.338,44.176,0.000,,23,35,,
T,2025-01-23 06:54:07,47.68143047,17.64379810,3.79,117.433,44.176,0.310,345,22,34,,
T,2025-01-23 06:54:08,47.68144075,17.64378698,3.79,116.276,44.176,1.990,312,22,34,,
T,2025-01-23 06:54:09,47.68145981,17.64377819,4.04,116.019,44.176,2.010,329,22,34,,
T,2025-01-23 06:54:10,47.68150073,17.64375802,3.79,116.537,44.176,4.940,334,22,34,,
T,2025-01-23 06:54:11,47.68153977,17.64373602,3.79,115.783,44.176,4.220,333,22,35,,
T,2025-01-23 06:54:12,47.68157907,17.64371107,3.79,116.100,44.176,4.990,333,21,35,,
T,2025-01-23 06:54:13,47.68161882,17.64368580,3.79,115.669,44.176,4.660,333,24,34,,
T,2025-01-23 06:54:14,47.68165742,17.64366136,3.79,116.175,44.176,4.350,333,24,34,,
T,2025-01-23 06:54:15,47.68169005,17.64364014,3.79,115.763,44.176,3.880,334,25,34,,
T,2025-01-23 06:54:16,47.68171659,17.64362376,3.79,115.843,44.176,3.080,335,25,34,,
T,2025-01-23 06:54:17,47.68173700,17.64361072,3.79,115.956,44.176,2.390,340,25,34,,
T,2025-01-23 06:54:18,47.68174982,17.64359953,3.79,115.506,44.176,1.590,344,26,34,,
T,2025-01-23 06:54:19,47.68175508,17.64359210,3.79,114.993,44.176,0.710,341,26,34,,
T,2025-01-23 06:54:20,47.68175585,17.64358706,3.79,115.206,44.176,0.000,,26,34,,
T,2025-01-23 06:54:21,47.68175199,17.64357950,3.79,115.182,44.176,0.000,,27,34,,
T,2025-01-23 06:54:22,47.68175132,17.64357755,3.79,115.386,44.176,0.000,,26,34,,
T,2025-01-23 06:54:23,47.68175126,17.64357577,3.79,115.124,44.176,0.230,348,26,35,,
T,2025-01-23 06:54:24,47.68175482,17.64357244,3.79,113.852,44.176,0.390,348,25,35,,
T,2025-01-23 06:54:25,47.68175545,17.64356713,3.79,114.037,44.176,0.000,,26,35,,
T,2025-01-23 06:54:26,47.68175703,17.64356624,3.79,114.055,44.176,0.000,,26,35,,
T,2025-01-23 06:54:27,47.68175694,17.64356681,3.79,114.014,44.176,0.000,,26,35,,
T,2025-01-23 06:54:28,47.68175668,17.64356844,3.79,114.287,44.176,0.000,,25,35,,
T,2025-01-23 06:54:29,47.68175509,17.64357135,3.79,114.503,44.176,0.000,,25,35,,
T,2025-01-23 06:54:30,47.68175374,17.64357434,3.79,114.656,44.176,0.000,,24,35,,
T,2025-01-23 06:54:31,47.68175363,17.64357775,3.79,114.954,44.176,0.000,,21,35,,
T,2025-01-23 06:54:32,47.68175367,17.64357992,3.79,114.860,44.176,0.000,,20,35,,
T,2025-01-23 06:54:33,47.68175217,17.64357963,3.79,114.750,44.176,0.000,,21,35,,
T,2025-01-23 06:54:34,47.68175145,17.64357949,3.79,114.634,44.176,0.000,,21,35,,
T,2025-01-23 06:54:35,47.68175098,17.64357987,3.79,114.660,44.176,0.000,,20,36,,
T,2025-01-23 06:54:36,47.68175055,17.64358003,3.79,114.750,44.176,0.000,,21,36,,
T,2025-01-23 06:54:37,47.68175046,17.64358012,3.79,114.768,44.176,0.000,,22,36,,
T,2025-01-23 06:54:38,47.68175046,17.64358009,3.79,114.770,44.176,0.000,,22,36,,
T,2025-01-23 06:54:39,47.68175021,17.64357994,3.79,114.824,44.176,0.000,,21,36,,
T,2025-01-23 06:54:40,47.68175008,17.64357950,3.79,114.915,44.176,0.000,,21,36,,
T,2025-01-23 06:54:41,47.68175005,17.64357937,3.79,114.916,44.176,0.000,,21,36,,
T,2025-01-23 06:54:42,47.68175005,17.64357932,3.79,114.915,44.176,0.000,,20,35,,
T,2025-01-23 06:54:43,47.68175032,17.64357877,3.79,114.976,44.176,0.000,,20,35,,
T,2025-01-23 06:54:44,47.68175039,17.64357862,3.79,114.974,44.176,0.000,,21,33,,
T,2025-01-23 06:54:45,47.68177436,17.64356225,3.79,115.207,44.176,2.630,354,22,32,,
T,2025-01-23 06:54:46,47.68180701,17.64355290,3.79,115.210,44.176,3.220,10,22,32,,
T,2025-01-23 06:54:47,47.68183352,17.64354669,3.79,115.073,44.176,2.310,10,22,32,,
T,2025-01-23 06:54:48,47.68185104,17.64353537,3.79,114.826,44.175,1.650,5,22,32,,
T,2025-01-23 06:54:49,47.68185926,17.64351928,3.79,115.773,44.175,0.600,348,23,32,,
T,2025-01-23 06:54:50,47.68186418,17.64350639,3.79,115.401,44.175,0.390,338,23,33,,
T,2025-01-23 06:54:51,47.68186658,17.64349283,3.79,114.839,44.175,0.000,,23,33,,
T,2025-01-23 06:54:52,47.68186692,17.64348675,3.79,114.663,44.175,0.000,,24,34,,
T,2025-01-23 06:54:53,47.68187585,17.64348104,3.79,114.221,44.175,1.090,340,24,34,,
T,2025-01-23 06:54:54,47.68188870,17.64347317,3.79,113.670,44.175,1.590,339,24,34,,
T,2025-01-23 06:54:55,47.68190970,17.64345757,3.79,112.882,44.175,2.180,336,24,34,,
T,2025-01-23 06:54:56,47.68193457,17.64343928,3.79,112.598,44.175,2.540,337,26,34,,
T,2025-01-23 06:54:57,47.68197582,17.64340415,3.79,111.507,44.175,4.590,333,28,34,,
T,2025-01-23 06:54:58,47.68204154,17.64335156,3.79,111.860,44.175,5.400,333,28,34,,
T,2025-01-23 06:54:59,47.68208936,17.64331080,3.79,111.611,44.175,6.060,334,28,34,,
T,2025-01-23 06:55:00,47.68214079,17.64326140,3.79,110.877,44.175,7.070,333,28,34,,
T,2025-01-23 06:55:01,47.68220136,17.64321921,3.79,111.536,44.175,7.620,334,28,34,,
T,2025-01-23 06:55:02,47.68226743,17.64317287,3.79,111.169,44.175,7.990,332,28,34,,
T,2025-01-23 06:55:03,47.68234060,17.64312925,3.79,110.573,44.174,8.580,336,28,33,,
T,2025-01-23 06:55:04,47.68241547,17.64307371,3.79,110.906,44.174,9.080,335,26,34,,
T,2025-01-23 06:55:05,47.68248959,17.64302701,3.79,111.047,44.174,9.180,335,28,34,,
T,2025-01-23 06:55:06,47.68255948,17.64296884,3.79,110.529,44.174,9.080,333,28,34,,
T,2025-01-23 06:55:07,47.68262943,17.64291505,3.79,110.157,44.174,8.700,334,28,34,,
T,2025-01-23 06:55:08,47.68270209,17.64287111,3.79,109.554,44.173,8.410,343,28,34,,
T,2025-01-23 06:55:09,47.68277513,17.64283367,3.79,109.601,44.173,8.890,344,28,34,,
T,2025-01-23 06:55:10,47.68285609,17.64279906,3.79,109.162,44.173,9.300,342,27,34,,
T,2025-01-23 06:55:11,47.68294516,17.64275617,3.79,109.307,44.173,9.970,342,27,34,,
T,2025-01-23 06:55:12,47.68303593,17.64271684,3.79,109.504,44.173,10.480,352,28,35,,
T,2025-01-23 06:55:13,47.68312511,17.64265199,3.79,109.409,44.172,11.290,354,29,35,,
T,2025-01-23 06:55:14,47.68321958,17.64257791,3.79,109.144,44.172,11.930,345,28,35,,
T,2025-01-23 06:55:15,47.68331727,17.64250805,3.79,109.021,44.172,12.060,345,28,35,,
T,2025-01-23 06:55:16,47.68341948,17.64242142,3.79,108.090,44.172,12.750,339,28,35,,
T,2025-01-23 06:55:17,47.68352003,17.64232925,3.79,108.275,44.172,13.210,337,28,35,,
T,2025-01-23 06:55:18,47.68362948,17.64224125,3.79,107.775,44.171,13.470,335,28,35,,
T,2025-01-23 06:55:19,47.68373166,17.64215004,3.79,107.284,44.171,13.700,334,28,35,,
T,2025-01-23 06:55:20,47.68385067,17.64206627,3.79,107.545,44.171,13.880,338,29,35,,
T,2025-01-23 06:55:21,47.68396931,17.64196781,3.79,107.094,44.171,14.410,333,29,35,,
T,2025-01-23 06:55:22,47.68408354,17.64187054,3.79,107.100,44.170,14.670,331,28,35,,
T,2025-01-23 06:55:23,47.68419943,17.64176923,4.94,107.177,44.170,14.890,328,27,35,,
T,2025-01-23 06:55:24,47.68430290,17.64167083,7.17,107.016,44.170,14.100,326,27,35,,
T,2025-01-23 06:55:25,47.68438156,17.64161677,6.74,107.085,44.170,12.360,332,27,35,,
T,2025-01-23 06:55:26,47.68449092,17.64155452,7.30,107.003,44.169,12.150,333,27,35,,
T,2025-01-23 06:55:27,47.68460176,17.64152151,5.62,107.176,44.169,11.570,337,24,35,,
T,2025-01-23 06:55:28,47.68468135,17.64148352,5.01,107.092,44.169,10.080,337,22,35,,
T,2025-01-23 06:55:29,47.68477137,17.64143631,4.58,107.670,44.169,9.210,336,21,35,,
T,2025-01-23 06:55:30,47.68483841,17.64138531,4.33,108.154,44.168,7.560,336,22,35,,
T,2025-01-23 06:55:31,47.68489830,17.64134351,4.53,108.537,44.168,6.980,336,23,35,,
T,2025-01-23 06:55:32,47.68495210,17.64131710,4.41,110.787,44.168,5.250,335,23,35,,
T,2025-01-23 06:55:33,47.68499595,17.64129666,4.29,112.876,44.168,4.290,335,27,35,,
T,2025-01-23 06:55:34,47.68503266,17.64128374,4.19,115.577,44.168,3.720,333,28,35,,
T,2025-01-23 06:55:35,47.68505454,17.64127281,4.12,115.435,44.168,2.510,333,28,35,,
T,2025-01-23 06:55:36,47.68506473,17.64126362,4.14,115.598,44.168,1.730,334,28,35,,
T,2025-01-23 06:55:37,47.68507765,17.64125365,4.04,116.021,44.168,1.770,333,28,35,,
T,2025-01-23 06:55:38,47.68508794,17.64124569,4.00,116.164,44.168,1.510,333,27,35,,
T,2025-01-23 06:55:39,47.68510142,17.64123726,4.00,117.126,44.168,1.620,331,27,35,,
T,2025-01-23 06:55:40,47.68511432,17.64122785,3.86,117.989,44.168,1.440,329,26,35,,
T,2025-01-23 06:55:41,47.68512354,17.64122054,3.80,118.420,44.168,0.990,328,25,34,,
T,2025-01-23 06:55:42,47.68512709,17.64121765,3.79,118.214,44.168,0.400,328,24,34,,
T,2025-01-23 06:55:43,47.68513125,17.64121860,3.81,117.734,44.168,0.270,326,24,34,,
T,2025-01-23 06:55:44,47.68513188,17.64122249,4.13,118.371,44.168,0.000,,24,34,,
T,2025-01-23 06:55:45,47.68513229,17.64122499,3.99,118.556,44.168,0.000,,24,34,,
T,2025-01-23 06:55:46,47.68513317,17.64122234,3.98,119.010,44.168,0.000,,24,34,,
T,2025-01-23 06:55:47,47.68513483,17.64121861,4.01,119.269,44.168,0.000,,24,34,,
T,2025-01-23 06:55:48,47.68513617,17.64121889,3.99,118.999,44.168,0.000,,24,34,,
T,2025-01-23 06:55:49,47.68513777,17.64122118,4.06,118.746,44.168,0.000,,23,34,,
T,2025-01-23 06:55:50,47.68513949,17.64122617,4.01,118.235,44.168,0.000,,22,34,,
T,2025-01-23 06:55:51,47.68514051,17.64122998,3.98,118.031,44.168,0.000,,22,34,,
T,2025-01-23 06:55:52,47.68514096,17.64123252,4.05,117.802,44.168,0.000,,21,34,,
T,2025-01-23 06:55:53,47.68514089,17.64123259,4.11,117.509,44.168,0.000,,20,34,,
T,2025-01-23 06:55:54,47.68514100,17.64123336,4.19,117.403,44.168,0.000,,20,34,,
T,2025-01-23 06:55:55,47.68514072,17.64123384,4.06,117.429,44.168,0.000,,20,34,,
T,2025-01-23 06:55:56,47.68514477,17.64122888,3.85,117.622,44.168,0.570,326,21,34,,
T,2025-01-23 06:55:57,47.68515890,17.64121586,3.79,117.880,44.168,1.790,326,21,34,,
T,2025-01-23 06:55:58,47.68517831,17.64119537,3.79,119.307,44.168,2.530,326,23,34,,
T,2025-01-23 06:55:59,47.68520858,17.64116868,3.79,119.647,44.168,3.830,326,23,34,,
T,2025-01-23 06:56:00,47.68524327,17.64113576,3.79,119.313,44.168,4.360,318,24,33,,
T,2025-01-23 06:56:01,47.68527982,17.64110903,3.79,118.740,44.167,4.470,327,25,32,,
T,2025-01-23 06:56:02,47.68533101,17.64110275,3.79,118.538,44.167,5.080,333,26,32,,
T,2025-01-23 06:56:03,47.68537403,17.64107831,3.79,118.023,44.167,5.710,329,26,32,,
T,2025-01-23 06:56:04,47.68542063,17.64104740,3.79,118.439,44.167,5.600,330,27,32,,
T,2025-01-23 06:56:05,47.68546246,17.64101651,3.79,119.017,44.167,5.240,328,28,32,,
T,2025-01-23 06:56:06,47.68549345,17.64099685,3.79,118.739,44.167,4.680,327,28,32,,
T,2025-01-23 06:56:07,47.68552337,17.64097377,3.79,118.447,44.167,4.000,330,28,32,,
T,2025-01-23 06:56:08,47.68554864,17.64095259,3.79,118.180,44.167,3.440,330,28,32,,
T,2025-01-23 06:56:09,47.68557133,17.64093904,3.79,117.471,44.167,2.680,326,28,32,,
T,2025-01-23 06:56:10,47.68558692,17.64092797,3.86,117.516,44.167,1.690,342,28,32,,
T,2025-01-23 06:56:11,47.68559775,17.64091981,3.86,117.413,44.167,1.490,340,19,32,,
T,2025-01-23 06:56:12,47.68560480,17.64091473,3.90,117.570,44.167,0.950,338,17,32,,
T,2025-01-23 06:56:13,47.68561032,17.64091007,4.04,117.606,44.167,0.510,340,18,32,,
T,2025-01-23 06:56:14,47.68561353,17.64091007,4.23,117.574,44.167,0.230,341,18,32,,
T,2025-01-23 06:56:15,47.68561508,17.64090823,4.29,117.581,44.167,0.000,,17,32,,
T,2025-01-23 06:56:16,47.68561506,17.64090818,4.12,117.572,44.167,0.000,,17,32,,
T,2025-01-23 06:56:17,47.68561508,17.64090822,4.08,117.557,44.167,0.000,,14,32,,
T,2025-01-23 06:56:18,47.68561509,17.64090819,4.23,117.555,44.167,0.000,,14,32,,
T,2025-01-23 06:56:19,47.68561508,17.64090824,4.28,117.558,44.167,0.000,,17,32,,
T,2025-01-23 06:56:20,47.68561517,17.64090825,4.09,117.569,44.167,0.000,,16,32,,
T,2025-01-23 06:56:21,47.68561521,17.64090823,3.95,117.585,44.167,0.000,,16,32,,
T,2025-01-23 06:56:22,47.68561512,17.64090824,3.94,117.584,44.167,0.000,,18,33,,
T,2025-01-23 06:56:23,47.68561500,17.64090801,3.82,117.586,44.167,0.000,,17,33,,
T,2025-01-23 06:56:24,47.68561505,17.64090834,3.86,117.581,44.167,0.000,,16,33,,
T,2025-01-23 06:56:25,47.68561517,17.64090836,3.82,117.573,44.167,0.000,,18,33,,
T,2025-01-23 06:56:26,47.68561517,17.64090818,3.89,117.574,44.167,0.000,,16,33,,
T,2025-01-23 06:56:27,47.68561510,17.64090826,3.82,117.566,44.167,0.000,,16,33,,
T,2025-01-23 06:56:28,47.68561518,17.64090829,3.82,117.580,44.167,0.000,,15,33,,
T,2025-01-23 06:56:29,47.68561499,17.64090823,3.82,117.580,44.167,0.000,,17,30,,
T,2025-01-23 06:56:30,47.68561506,17.64090849,3.82,117.579,44.167,0.000,,16,29,,
T,2025-01-23 06:56:31,47.68560778,17.64090258,3.82,117.795,44.167,0.420,328,15,29,,
T,2025-01-23 06:56:32,47.68561247,17.64089838,3.79,118.530,44.167,0.000,,18,28,,
T,2025-01-23 06:56:33,47.68561246,17.64089827,3.79,118.531,44.167,0.000,,21,28,,
T,2025-01-23 06:56:34,47.68561247,17.64089822,3.79,118.537,44.167,0.000,,21,28,,
T,2025-01-23 06:56:35,47.68561251,17.64089821,3.83,118.547,44.167,0.000,,20,28,,
T,2025-01-23 06:56:36,47.68561253,17.64089824,3.94,118.558,44.167,0.000,,20,28,,
T,2025-01-23 06:56:37,47.68561255,17.64089827,4.16,118.569,44.167,0.000,,20,29,,
T,2025-01-23 06:56:38,47.68561254,17.64089830,4.19,118.571,44.167,0.000,,19,29,,
T,2025-01-23 06:56:39,47.68561253,17.64089832,3.86,118.571,44.167,0.000,,17,29,,
T,2025-01-23 06:56:40,47.68561251,17.64089835,3.79,118.571,44.167,0.000,,17,29,,
T,2025-01-23 06:56:41,47.68561238,17.64089952,3.79,119.534,44.167,0.000,,17,30,,
T,2025-01-23 06:56:42,47.68561745,17.64089966,3.79,119.543,44.167,0.630,326,17,30,,
T,2025-01-23 06:56:43,47.68561966,17.64091608,3.79,118.914,44.167,0.000,,16,29,,
T,2025-01-23 06:56:44,47.68562189,17.64092372,3.79,118.580,44.167,0.000,,16,29,,
T,2025-01-23 06:56:45,47.68562319,17.64092978,3.79,118.198,44.167,0.000,,17,29,,
T,2025-01-23 06:56:46,47.68562521,17.64093449,3.79,117.960,44.167,0.000,,16,29,,
T,2025-01-23 06:56:47,47.68562834,17.64093802,3.79,117.573,44.167,0.000,,16,29,,
T,2025-01-23 06:56:48,47.68563610,17.64093968,3.79,117.407,44.167,0.000,,16,29,,
T,2025-01-23 06:56:49,47.68564218,17.64093877,3.79,117.377,44.167,0.000,,16,29,,
T,2025-01-23 06:56:50,47.68564746,17.64093668,3.87,117.255,44.167,0.000,,16,28,,
T,2025-01-23 06:56:51,47.68565165,17.64093556,4.04,117.635,44.167,0.240,325,17,27,,
T,2025-01-23 06:56:52,47.68565374,17.64093668,4.12,117.656,44.167,0.000,,17,27,,
T,2025-01-23 06:56:53,47.68565432,17.64093469,4.56,117.709,44.167,0.210,324,17,27,,
T,2025-01-23 06:56:54,47.68565144,17.64093454,4.73,117.777,44.167,0.000,,17,27,,
T,2025-01-23 06:56:55,47.68565132,17.64093292,4.72,117.588,44.167,0.000,,17,27,,
T,2025-01-23 06:56:56,47.68565192,17.64093309,4.54,117.631,44.167,0.000,,17,27,,
T,2025-01-23 06:56:57,47.68565272,17.64093677,4.37,117.004,44.167,0.000,,17,27,,
T,2025-01-23 06:56:58,47.68565164,17.64093741,4.08,117.147,44.167,0.000,,18,27,,
T,2025-01-23 06:56:59,47.68565022,17.64093689,3.80,117.130,44.167,0.000,,19,27,,
T,2025-01-23 06:57:00,47.68564904,17.64093647,3.79,117.075,44.167,0.000,,19,27,,
T,2025-01-23 06:57:01,47.68564802,17.64093564,3.79,116.994,44.167,0.000,,20,27,,
T,2025-01-23 06:57:02,47.68564857,17.64093497,3.79,117.141,44.167,0.000,,20,28,,
T,2025-01-23 06:57:03,47.68564925,17.64093485,3.79,116.829,44.167,0.320,325,20,28,,
T,2025-01-23 06:57:04,47.68564387,17.64093699,3.79,116.364,44.167,0.000,,20,28,,
T,2025-01-23 06:57:05,47.68564224,17.64093495,3.79,114.881,44.167,0.220,325,19,28,,
T,2025-01-23 06:57:06,47.68563567,17.64093355,3.79,113.566,44.167,0.000,,19,28,,
T,2025-01-23 06:57:07,47.68563253,17.64093348,3.79,112.360,44.167,0.270,325,16,28,,
T,2025-01-23 06:57:08,47.68563116,17.64093448,3.88,112.074,44.167,0.180,325,16,29,,
T,2025-01-23 06:57:09,47.68562622,17.64093926,3.86,111.158,44.167,0.000,,16,29,,
T,2025-01-23 06:57:10,47.68562227,17.64094006,3.92,110.204,44.167,0.000,,16,29,,
T,2025-01-23 06:57:11,47.68562029,17.64094076,3.89,109.723,44.167,0.000,,16,29,,
T,2025-01-23 06:57:12,47.68561726,17.64094097,3.79,109.507,44.167,0.000,,16,29,,
T,2025-01-23 06:57:13,47.68561477,17.64094115,3.80,109.210,44.167,0.000,,15,29,,
T,2025-01-23 06:57:14,47.68561275,17.64093988,3.86,108.546,44.167,0.000,,16,29,,
T,2025-01-23 06:57:15,47.68561251,17.64093689,3.84,108.362,44.167,0.000,,16,29,,
T,2025-01-23 06:57:16,47.68561192,17.64093563,3.83,108.007,44.167,0.000,,17,29,,
T,2025-01-23 06:57:17,47.68561143,17.64093447,3.79,107.864,44.167,0.000,,17,29,,
T,2025-01-23 06:57:18,47.68560941,17.64093393,3.79,107.548,44.167,0.000,,18,29,,
T,2025-01-23 06:57:19,47.68560838,17.64093393,3.79,107.360,44.167,0.000,,18,29,,
T,2025-01-23 06:57:20,47.68560832,17.64093358,3.79,107.291,44.167,0.000,,18,30,,
T,2025-01-23 06:57:21,47.68560946,17.64093254,3.79,107.428,44.167,0.000,,19,30,,
T,2025-01-23 06:57:22,47.68561094,17.64093030,3.79,107.164,44.167,0.000,,20,29,,
T,2025-01-23 06:57:23,47.68561259,17.64092725,3.79,107.406,44.167,0.000,,20,29,,
T,2025-01-23 06:57:24,47.68561300,17.64092603,3.79,106.932,44.167,0.000,,19,29,,
T,2025-01-23 06:57:25,47.68561478,17.64092349,3.79,107.887,44.167,0.000,,20,29,,
T,2025-01-23 06:57:26,47.68561673,17.64092492,3.79,107.388,44.167,0.000,,20,29,,
T,2025-01-23 06:57:27,47.68561624,17.64092734,3.79,106.872,44.167,0.000,,21,29,,
T,2025-01-23 06:57:28,47.68561603,17.64093008,3.79,106.196,44.167,0.000,,21,29,,
T,2025-01-23 06:57:29,47.68561617,17.64093092,3.79,106.473,44.167,0.000,,20,29,,
T,2025-01-23 06:57:30,47.68561493,17.64093445,3.79,105.598,44.167,0.000,,20,29,,
T,2025-01-23 06:57:31,47.68561423,17.64093618,3.80,105.533,44.167,0.000,,20,29,,
T,2025-01-23 06:57:32,47.68561403,17.64093655,3.85,105.572,44.167,0.000,,20,29,,
T,2025-01-23 06:57:33,47.68561377,17.64093718,3.83,105.480,44.167,0.000,,20,29,,
T,2025-01-23 06:57:34,47.68561361,17.64093735,3.80,105.489,44.167,0.000,,19,30,,
T,2025-01-23 06:57:35,47.68561356,17.64093734,3.85,105.504,44.167,0.000,,19,30,,
T,2025-01-23 06:57:36,47.68561338,17.64093604,3.85,105.147,44.167,0.000,,19,30,,
T,2025-01-23 06:57:37,47.68561323,17.64093416,4.26,105.531,44.167,0.000,,19,31,,
T,2025-01-23 06:57:38,47.68561540,17.64092698,4.21,106.128,44.167,0.000,,21,31,,
T,2025-01-23 06:57:39,47.68561704,17.64092345,4.27,106.834,44.167,0.150,325,21,30,,
T,2025-01-23 06:57:40,47.68561890,17.64091725,4.19,107.425,44.167,0.000,,22,30,,
T,2025-01-23 06:57:41,47.68561956,17.64091178,4.22,108.233,44.167,0.000,,22,30,,
T,2025-01-23 06:57:42,47.68562145,17.64090738,4.35,108.965,44.167,0.000,,22,30,,
T,2025-01-23 06:57:43,47.68562171,17.64090541,4.39,109.155,44.167,0.000,,22,30,,
T,2025-01-23 06:57:44,47.68562149,17.64090411,4.48,109.330,44.167,0.000,,21,30,,
T,2025-01-23 06:57:45,47.68562014,17.64090067,4.58,109.610,44.167,0.000,,21,30,,
T,2025-01-23 06:57:46,47.68561907,17.64089779,4.55,109.833,44.167,0.000,,21,30,,
T,2025-01-23 06:57:47,47.68561833,17.64089741,4.17,110.093,44.167,0.000,,21,30,,
T,2025-01-23 06:57:48,47.68561824,17.64089951,3.86,109.562,44.167,0.000,,20,30,,
T,2025-01-23 06:57:49,47.68561783,17.64090049,3.96,110.469,44.167,0.000,,21,30,,
T,2025-01-23 06:57:50,47.68561695,17.64090607,3.92,109.643,44.167,0.000,,22,30,,
T,2025-01-23 06:57:51,47.68561649,17.64091035,3.91,110.396,44.167,0.000,,22,30,,
T,2025-01-23 06:57:52,47.68561610,17.64090793,3.92,111.133,44.167,0.000,,22,30,,
T,2025-01-23 06:57:53,47.68561751,17.64090538,4.28,111.420,44.167,0.000,,21,30,,
T,2025-01-23 06:57:54,47.68561616,17.64090669,4.25,110.677,44.167,0.000,,21,30,,
T,2025-01-23 06:57:55,47.68561586,17.64090750,4.36,110.685,44.167,0.000,,20,30,,
T,2025-01-23 06:57:56,47.68561597,17.64090682,4.49,110.612,44.167,0.000,,20,30,,
T,2025-01-23 06:57:57,47.68561509,17.64090653,4.38,110.714,44.167,0.000,,20,30,,
T,2025-01-23 06:57:58,47.68561297,17.64090557,4.14,110.445,44.167,0.000,,18,30,,
T,2025-01-23 06:57:59,47.68561193,17.64090480,4.04,110.426,44.167,0.000,,20,30,,
T,2025-01-23 06:58:00,47.68561189,17.64090369,3.94,110.630,44.167,0.000,,21,30,,
T,2025-01-23 06:58:01,47.68561197,17.64090367,3.93,110.526,44.167,0.000,,20,30,,
T,2025-01-23 06:58:02,47.68563244,17.64088812,3.82,110.893,44.167,2.320,329,20,30,,
T,2025-01-23 06:58:03,47.68565909,17.64087085,3.79,110.972,44.167,2.990,336,20,30,,
T,2025-01-23 06:58:04,47.68569628,17.64084666,3.79,111.648,44.166,4.380,333,20,29,,
T,2025-01-23 06:58:05,47.68575121,17.64081269,3.79,110.640,44.166,5.230,332,20,29,,
T,2025-01-23 06:58:06,47.68579926,17.64078877,3.79,109.510,44.166,5.590,330,22,29,,
T,2025-01-23 06:58:07,47.68584269,17.64075101,3.79,111.001,44.166,5.140,332,21,30,,
T,2025-01-23 06:58:08,47.68588160,17.64069883,3.79,113.010,44.166,5.140,328,22,29,,
T,2025-01-23 06:58:09,47.68591784,17.64063621,3.79,114.390,44.166,5.430,319,24,29,,
T,2025-01-23 06:58:10,47.68594465,17.64056959,3.89,116.836,44.166,5.200,314,24,29,,
T,2025-01-23 06:58:11,47.68595210,17.64050928,4.10,115.741,44.166,4.700,307,25,28,,
T,2025-01-23 06:58:12,47.68593990,17.64045671,3.79,114.805,44.166,4.090,297,26,29,,
T,2025-01-23 06:58:13,47.68591318,17.64039232,3.79,112.901,44.166,4.390,290,27,30,,
T,2025-01-23 06:58:14,47.68590299,17.64030828,3.79,112.876,44.166,4.980,284,28,32,,
T,2025-01-23 06:58:15,47.68590441,17.64023784,3.79,113.092,44.166,5.450,282,29,32,,
T,2025-01-23 06:58:16,47.68585737,17.64013532,3.79,112.708,44.166,6.480,276,29,32,,
T,2025-01-23 06:58:17,47.68582252,17.64003044,3.79,113.306,44.166,6.880,273,29,32,,
T,2025-01-23 06:58:18,47.68578985,17.63991734,3.79,112.336,44.166,7.480,268,28,32,,
T,2025-01-23 06:58:19,47.68574969,17.63981310,3.79,113.206,44.166,7.680,263,27,32,,
T,2025-01-23 06:58:20,47.68571158,17.63971734,3.79,112.815,44.166,7.620,258,24,32,,
T,2025-01-23 06:58:21,47.68567666,17.63962465,3.79,113.172,44.167,7.500,256,19,32,,
T,2025-01-23 06:58:22,47.68564583,17.63953324,3.79,112.634,44.167,7.150,254,19,32,,
T,2025-01-23 06:58:23,47.68562313,17.63945089,3.79,111.396,44.167,6.830,253,18,32,,
T,2025-01-23 06:58:24,47.68558043,17.63938522,3.79,112.301,44.167,6.460,246,23,32,,
T,2025-01-23 06:58:25,47.68556029,17.63930781,3.79,112.181,44.167,6.270,245,25,32,,
T,2025-01-23 06:58:26,47.68553474,17.63923787,3.79,112.746,44.167,5.610,244,26,32,,
T,2025-01-23 06:58:27,47.68551321,17.63918272,3.79,113.251,44.167,4.880,242,27,32,,
T,2025-01-23 06:58:28,47.68549827,17.63913928,3.79,113.706,44.167,4.040,240,27,32,,
T,2025-01-23 06:58:29,47.68548924,17.63910574,3.79,113.459,44.167,2.750,235,28,32,,
T,2025-01-23 06:58:30,47.68548041,17.63908555,3.79,113.889,44.167,1.370,232,28,32,,
T,2025-01-23 06:58:31,47.68547592,17.63908817,3.79,113.846,44.167,0.220,232,24,32,,
T,2025-01-23 06:58:32,47.68547564,17.63908663,3.79,113.974,44.167,0.240,228,21,32,,
T,2025-01-23 06:58:33,47.68547392,17.63908493,3.93,113.473,44.167,0.000,,19,32,,
T,2025-01-23 06:58:34,47.68547316,17.63908298,3.96,112.545,44.167,0.000,,19,32,,
T,2025-01-23 06:58:35,47.68547297,17.63908129,3.97,112.835,44.167,0.000,,20,32,,
T,2025-01-23 06:58:36,47.68547248,17.63908028,3.97,112.846,44.167,0.000,,18,31,,
T,2025-01-23 06:58:37,47.68547325,17.63907956,3.97,113.009,44.167,0.000,,18,31,,
T,2025-01-23 06:58:38,47.68547373,17.63907930,3.99,113.038,44.167,0.000,,18,31,,
T,2025-01-23 06:58:39,47.68547428,17.63907822,3.89,113.074,44.167,0.000,,19,30,,
T,2025-01-23 06:58:40,47.68547468,17.63907806,3.79,113.114,44.167,0.000,,19,30,,
T,2025-01-23 06:58:41,47.68547452,17.63907768,3.79,113.185,44.167,0.000,,18,30,,
T,2025-01-23 06:58:42,47.68547449,17.63907837,3.79,113.348,44.167,0.000,,20,30,,
T,2025-01-23 06:58:43,47.68547479,17.63907896,3.79,113.374,44.167,0.000,,21,29,,
T,2025-01-23 06:58:44,47.68547507,17.63907867,3.79,113.418,44.167,0.000,,20,28,,
T,2025-01-23 06:58:45,47.68547524,17.63907845,3.79,113.420,44.167,0.000,,19,27,,
T,2025-01-23 06:58:46,47.68547545,17.63907794,3.79,113.471,44.167,0.000,,19,27,,
T,2025-01-23 06:58:47,47.68547561,17.63907770,3.79,113.473,44.167,0.000,,18,27,,
T,2025-01-23 06:58:48,47.68547575,17.63907728,3.82,113.456,44.167,0.000,,17,27,,
T,2025-01-23 06:58:49,47.68547591,17.63907635,10.11,113.468,44.167,0.000,,16,25,,
T,2025-01-23 06:58:50,47.68547605,17.63907602,10.11,113.464,44.167,0.000,,17,24,,
T,2025-01-23 06:58:51,47.68547610,17.63907581,10.12,113.470,44.167,0.000,,18,24,,
T,2025-01-23 06:58:52,47.68547616,17.63907572,10.13,113.467,44.167,0.000,,18,24,,
T,2025-01-23 06:58:53,47.68547588,17.63907547,10.12,113.519,44.167,0.000,,18,24,,
T,2025-01-23 06:58:54,47.68546619,17.63906390,10.07,113.690,44.167,1.270,204,18,24,,
T,2025-01-23 06:58:55,47.68544490,17.63904677,10.08,114.751,44.167,2.390,206,18,24,,
T,2025-01-23 06:58:56,47.68542444,17.63902102,10.09,114.640,44.167,2.630,207,18,23,,
T,2025-01-23 06:58:57,47.68539687,17.63899022,10.22,114.589,44.167,3.350,206,18,23,,
T,2025-01-23 06:58:58,47.68536193,17.63890648,10.23,113.871,44.167,5.090,210,18,23,,
T,2025-01-23 06:58:59,47.68534087,17.63883003,10.35,114.807,44.167,5.170,218,18,23,,
T,2025-01-23 06:59:00,47.68531507,17.63875060,10.31,114.652,44.167,6.080,222,19,23,,
T,2025-01-23 06:59:01,47.68529544,17.63867084,10.26,113.358,44.167,6.400,226,18,23,,
T,2025-01-23 06:59:02,47.68525106,17.63860660,10.27,114.590,44.168,6.710,228,18,23,,
T,2025-01-23 06:59:03,47.68520392,17.63854376,10.33,115.542,44.168,5.840,227,18,22,,
T,2025-01-23 06:59:04,47.68518497,17.63848079,10.33,114.952,44.168,5.500,229,18,22,,
T,2025-01-23 06:59:05,47.68516916,17.63841686,10.38,113.690,44.168,4.890,230,18,22,,
T,2025-01-23 06:59:06,47.68516330,17.63836636,10.38,113.372,44.168,4.220,236,17,22,,
T,2025-01-23 06:59:07,47.68515659,17.63832254,10.46,113.781,44.168,3.840,236,18,22,,
T,2025-01-23 06:59:08,47.68513353,17.63829268,10.49,114.217,44.168,3.430,233,19,22,,
T,2025-01-23 06:59:09,47.68511709,17.63826197,10.43,114.935,44.168,2.690,231,19,22,,
T,2025-01-23 06:59:10,47.68510947,17.63823921,10.40,114.556,44.168,1.980,229,19,22,,
T,2025-01-23 06:59:11,47.68510641,17.63823115,10.41,115.299,44.168,0.770,229,19,22,,
T,2025-01-23 06:59:12,47.68510816,17.63823166,10.42,115.536,44.168,0.190,228,20,23,,
T,2025-01-23 06:59:13,47.68510796,17.63822917,10.42,116.330,44.168,0.260,229,20,24,,
T,2025-01-23 06:59:14,47.68510675,17.63822623,10.38,116.935,44.168,0.250,228,21,25,,
T,2025-01-23 06:59:15,47.68510592,17.63822208,10.58,116.921,44.168,0.170,228,22,25,,
T,2025-01-23 06:59:16,47.68510835,17.63821342,10.82,117.296,44.168,0.000,,22,26,,
T,2025-01-23 06:59:17,47.68510864,17.63821277,10.85,117.569,44.168,0.000,,23,26,,
T,2025-01-23 06:59:18,47.68510754,17.63821139,10.86,117.630,44.168,0.000,,21,27,,
T,2025-01-23 06:59:19,47.68510620,17.63821129,10.87,117.590,44.168,0.000,,21,27,,
T,2025-01-23 06:59:20,47.68510681,17.63820908,10.91,117.798,44.168,0.000,,22,27,,
T,2025-01-23 06:59:21,47.68510849,17.63820693,10.83,117.803,44.168,0.000,,22,27,,
T,2025-01-23 06:59:22,47.68510764,17.63820695,10.76,117.777,44.168,0.000,,22,27,,
T,2025-01-23 06:59:23,47.68510772,17.63820448,10.73,117.817,44.168,0.000,,20,27,,
T,2025-01-23 06:59:24,47.68510732,17.63820313,10.74,117.682,44.168,0.000,,21,27,,
T,2025-01-23 06:59:25,47.68510711,17.63820229,10.81,117.932,44.168,0.000,,17,27,,
T,2025-01-23 06:59:26,47.68510570,17.63820174,10.85,117.918,44.168,0.000,,18,27,,
T,2025-01-23 06:59:27,47.68510490,17.63820129,10.83,117.992,44.168,0.000,,18,27,,
T,2025-01-23 06:59:28,47.68510554,17.63820118,10.78,117.949,44.168,0.000,,18,27,,
T,2025-01-23 06:59:29,47.68510579,17.63820101,10.76,117.898,44.168,0.000,,20,27,,
T,2025-01-23 06:59:30,47.68510562,17.63820081,10.76,117.881,44.168,0.000,,19,27,,
T,2025-01-23 06:59:31,47.68510587,17.63820102,10.70,117.799,44.168,0.000,,21,27,,
T,2025-01-23 06:59:32,47.68510545,17.63820157,10.67,117.734,44.168,0.000,,20,27,,
T,2025-01-23 06:59:33,47.68510539,17.63820187,10.64,117.707,44.168,0.000,,20,27,,
T,2025-01-23 06:59:34,47.68510459,17.63820222,10.62,117.765,44.168,0.000,,20,27,,
T,2025-01-23 06:59:35,47.68510386,17.63820223,10.57,117.825,44.168,0.000,,19,27,,
T,2025-01-23 06:59:36,47.68510371,17.63820221,10.56,117.828,44.168,0.000,,19,27,,
T,2025-01-23 06:59:37,47.68510309,17.63820249,10.59,110.655,44.168,0.000,,18,28,,
T,2025-01-23 06:59:38,47.68510299,17.63820254,10.49,113.331,44.168,0.000,,20,28,,
T,2025-01-23 06:59:39,47.68510241,17.63820275,10.59,114.477,44.168,0.000,,20,28,,
T,2025-01-23 06:59:40,47.68510201,17.63820310,10.71,115.107,44.168,0.000,,22,28,,
T,2025-01-23 06:59:41,47.68510134,17.63820347,10.66,115.876,44.168,0.000,,22,28,,
T,2025-01-23 06:59:42,47.68510106,17.63820370,10.64,116.334,44.168,0.000,,22,27,,
T,2025-01-23 06:59:43,47.68510102,17.63820375,10.61,116.678,44.168,0.000,,22,27,,
T,2025-01-23 06:59:44,47.68510049,17.63820384,10.63,116.948,44.168,0.000,,20,27,,
T,2025-01-23 06:59:45,47.68510066,17.63820361,10.60,117.113,44.168,0.000,,20,27,,
T,2025-01-23 06:59:46,47.68510070,17.63820356,10.67,117.180,44.168,0.000,,20,27,,
T,2025-01-23 06:59:47,47.68510011,17.63820366,10.75,117.277,44.168,0.000,,20,26,,
T,2025-01-23 06:59:48,47.68510000,17.63820366,10.69,117.413,44.168,0.000,,20,26,,
T,2025-01-23 06:59:49,47.68509999,17.63820364,10.66,117.510,44.168,0.000,,20,26,,
T,2025-01-23 06:59:50,47.68509961,17.63820373,10.57,117.642,44.168,0.000,,21,26,,
T,2025-01-23 06:59:51,47.68509886,17.63820385,10.48,117.789,44.168,0.000,,21,26,,
T,2025-01-23 06:59:52,47.68509868,17.63820384,10.48,117.825,44.168,0.000,,20,26,,
T,2025-01-23 06:59:53,47.68509828,17.63820411,10.43,117.906,44.168,0.000,,20,26,,
T,2025-01-23 06:59:54,47.68509646,17.63820519,10.40,118.099,44.168,0.000,,21,27,,
T,2025-01-23 06:59:55,47.68509703,17.63820463,10.25,118.034,44.168,0.000,,22,27,,
T,2025-01-23 06:59:56,47.68508010,17.63816324,10.16,116.500,44.168,3.790,231,23,28,,
T,2025-01-23 06:59:57,47.68505332,17.63810955,9.94,116.046,44.168,4.640,237,25,28,,
T,2025-01-23 06:59:58,47.68501321,17.63802338,9.94,115.944,44.168,6.150,240,24,31,,
T,2025-01-23 06:59:59,47.68497267,17.63793396,9.94,116.704,44.168,7.130,239,26,31,,
T,2025-01-23 07:00:00,47.68493561,17.63785076,9.94,116.678,44.168,7.620,237,27,31,,
T,2025-01-23 07:00:01,47.68489415,17.63775704,9.94,116.448,44.168,7.970,238,28,31,,
T,2025-01-23 07:00:02,47.68485229,17.63764955,9.95,116.354,44.169,8.660,239,28,31,,
T,2025-01-23 07:00:03,47.68480227,17.63752867,10.16,117.050,44.169,9.820,239,28,31,,
T,2025-01-23 07:00:04,47.68475045,17.63740524,10.22,117.424,44.169,10.570,238,28,31,,
T,2025-01-23 07:00:05,47.68471701,17.63726932,10.36,117.080,44.169,11.130,240,26,31,,
T,2025-01-23 07:00:06,47.68466677,17.63713142,10.40,117.466,44.169,11.220,241,24,31,,
T,2025-01-23 07:00:07,47.68461897,17.63700326,10.40,111.474,44.169,11.320,242,20,31,,
T,2025-01-23 07:00:08,47.68458422,17.63687729,10.52,117.054,44.169,10.600,243,19,31,,
T,2025-01-23 07:00:09,47.68453559,17.63674060,10.62,118.099,44.169,10.760,245,16,31,,
T,2025-01-23 07:00:10,47.68448982,17.63661719,10.62,118.027,44.169,10.450,242,14,31,,
T,2025-01-23 07:00:11,47.68443836,17.63649483,10.60,118.074,44.170,10.460,242,19,31,,
T,2025-01-23 07:00:12,47.68441315,17.63635907,10.32,116.188,44.170,10.440,242,19,31,,
T,2025-01-23 07:00:13,47.68437220,17.63622871,10.36,116.330,44.170,10.430,243,20,31,,
T,2025-01-23 07:00:14,47.68432764,17.63610718,10.41,116.252,44.170,10.160,241,17,31,,
T,2025-01-23 07:00:15,47.68428782,17.63598005,10.45,116.422,44.170,10.140,242,21,31,,
T,2025-01-23 07:00:16,47.68424776,17.63586386,10.60,116.533,44.170,9.920,242,14,31,,
T,2025-01-23 07:00:17,47.68420481,17.63573965,10.77,116.866,44.170,9.690,240,16,31,,
T,2025-01-23 07:00:18,47.68416354,17.63562041,10.63,118.067,44.170,9.660,242,14,31,,
T,2025-01-23 07:00:19,47.68411708,17.63550587,10.62,118.363,44.170,9.650,240,16,30,,
T,2025-01-23 07:00:20,47.68409631,17.63537217,10.37,117.583,44.170,9.710,244,21,29,,
T,2025-01-23 07:00:21,47.68405016,17.63526134,10.32,118.112,44.170,9.660,242,20,29,,
T,2025-01-23 07:00:22,47.68400893,17.63514322,10.26,118.123,44.171,9.700,242,17,30,,
T,2025-01-23 07:00:23,47.68397173,17.63503014,10.11,118.127,44.171,9.600,244,18,29,,
T,2025-01-23 07:00:24,47.68393578,17.63491048,10.00,118.195,44.171,9.480,244,19,28,,
T,2025-01-23 07:00:25,47.68390033,17.63479117,10.02,118.335,44.171,9.310,248,20,28,,
T,2025-01-23 07:00:26,47.68387211,17.63468310,9.99,118.560,44.171,9.010,253,21,31,,
T,2025-01-23 07:00:27,47.68383496,17.63457482,9.95,118.905,44.171,8.500,246,25,31,,
T,2025-01-23 07:00:28,47.68380528,17.63446997,10.02,118.580,44.171,7.940,250,26,31,,
T,2025-01-23 07:00:29,47.68376815,17.63437718,9.96,117.871,44.171,7.650,246,25,31,,
T,2025-01-23 07:00:30,47.68373962,17.63429620,9.96,117.666,44.171,6.590,246,21,31,,
T,2025-01-23 07:00:31,47.68371910,17.63422762,9.96,117.444,44.171,5.460,243,22,32,,
T,2025-01-23 07:00:32,47.68370764,17.63416923,10.01,116.702,44.171,5.010,244,23,32,,
T,2025-01-23 07:00:33,47.68370709,17.63411483,10.01,115.953,44.171,4.580,262,24,32,,
T,2025-01-23 07:00:34,47.68371785,17.63405740,10.01,115.211,44.171,4.700,277,21,32,,
T,2025-01-23 07:00:35,47.68373618,17.63399549,9.96,114.763,44.171,5.280,298,26,32,,
T,2025-01-23 07:00:36,47.68377161,17.63392868,10.42,113.336,44.171,6.220,318,24,33,,
T,2025-01-23 07:00:37,47.68381013,17.63390962,10.37,114.078,44.171,5.420,332,23,33,,
T,2025-01-23 07:00:38,47.68386044,17.63387545,10.46,114.858,44.171,5.800,337,23,33,,
T,2025-01-23 07:00:39,47.68390629,17.63385330,10.59,114.887,44.171,5.800,341,20,33,,
T,2025-01-23 07:00:40,47.68395621,17.63382399,10.43,115.143,44.171,5.820,335,14,33,,
T,2025-01-23 07:00:41,47.68401376,17.63378721,10.46,115.118,44.171,5.940,333,23,33,,
T,2025-01-23 07:00:42,47.68405015,17.63375792,10.56,114.528,44.170,5.310,329,20,33,,
T,2025-01-23 07:00:43,47.68409122,17.63372958,10.64,114.389,44.170,4.650,331,20,33,,
T,2025-01-23 07:00:44,47.68412916,17.63369761,10.80,114.376,44.170,4.230,329,19,33,,
T,2025-01-23 07:00:45,47.68416265,17.63367472,10.66,114.822,44.170,3.090,332,18,33,,
T,2025-01-23 07:00:46,47.68418132,17.63366155,10.63,115.515,44.170,1.530,332,17,33,,
T,2025-01-23 07:00:47,47.68418704,17.63365573,10.63,116.005,44.170,0.640,328,15,33,,
T,2025-01-23 07:00:48,47.68418787,17.63365530,10.66,116.375,44.170,0.310,326,17,33,,
T,2025-01-23 07:00:49,47.68419045,17.63365674,10.81,115.645,44.170,0.210,326,17,33,,
T,2025-01-23 07:00:50,47.68419358,17.63365688,10.76,115.296,44.170,0.220,326,17,33,,
T,2025-01-23 07:00:51,47.68419272,17.63365998,10.63,114.900,44.170,0.210,326,18,34,,
T,2025-01-23 07:00:52,47.68419229,17.63366117,10.64,114.426,44.170,0.200,326,18,34,,
T,2025-01-23 07:00:53,47.68419333,17.63365969,10.73,114.446,44.170,0.180,326,19,33,,
T,2025-01-23 07:00:54,47.68419485,17.63366078,10.86,114.478,44.170,0.190,326,14,33,,
T,2025-01-23 07:00:55,47.68419492,17.63365845,10.85,114.311,44.170,0.170,325,18,33,,
T,2025-01-23 07:00:56,47.68419591,17.63365822,10.72,113.997,44.170,0.180,325,19,32,,
T,2025-01-23 07:00:57,47.68419649,17.63365856,10.39,113.517,44.170,0.160,325,16,32,,
T,2025-01-23 07:00:58,47.68419665,17.63366023,10.33,113.459,44.170,0.000,,17,32,,
T,2025-01-23 07:00:59,47.68419804,17.63366247,10.65,113.591,44.170,0.000,,16,32,,
T,2025-01-23 07:01:00,47.68419917,17.63366350,10.76,113.664,44.170,0.000,,14,33,,
T,2025-01-23 07:01:01,47.68419992,17.63366394,10.82,113.928,44.170,0.000,,21,33,,
T,2025-01-23 07:01:02,47.68420027,17.63366448,10.72,114.209,44.170,0.000,,18,33,,
T,2025-01-23 07:01:03,47.68420004,17.63366524,10.70,114.435,44.170,0.000,,15,33,,
T,2025-01-23 07:01:04,47.68420045,17.63366650,10.65,115.078,44.170,0.000,,14,33,,
T,2025-01-23 07:01:05,47.68420271,17.63366427,10.66,115.172,44.170,0.380,324,15,33,,
T,2025-01-23 07:01:06,47.68420754,17.63365729,10.67,115.325,44.170,1.160,322,14,33,,
T,2025-01-23 07:01:07,47.68421995,17.63364337,10.68,116.659,44.170,1.830,273,19,31,,
T,2025-01-23 07:01:08,47.68423470,17.63361591,10.74,117.744,44.170,2.870,278,17,31,,
T,2025-01-23 07:01:09,47.68425159,17.63357762,10.25,117.581,44.170,4.070,300,15,31,,
T,2025-01-23 07:01:10,47.68426897,17.63352942,10.06,117.476,44.170,4.610,299,18,31,,
T,2025-01-23 07:01:11,47.68429524,17.63348004,10.04,117.171,44.170,5.210,300,20,32,,
T,2025-01-23 07:01:12,47.68432072,17.63341735,10.01,117.503,44.170,5.770,299,20,32,,
T,2025-01-23 07:01:13,47.68435498,17.63335298,9.96,117.992,44.170,6.390,304,20,31,,
T,2025-01-23 07:01:14,47.68439250,17.63329442,9.96,117.964,44.170,6.650,309,21,32,,
T,2025-01-23 07:01:15,47.68444080,17.63322502,9.97,119.612,44.170,7.260,310,23,32,,
T,2025-01-23 07:01:16,47.68449243,17.63315421,10.09,119.869,44.169,7.510,318,16,33,,
T,2025-01-23 07:01:17,47.68454283,17.63308962,10.38,119.991,44.169,7.680,313,16,33,,
T,2025-01-23 07:01:18,47.68459420,17.63301600,10.39,121.385,44.169,7.570,313,14,33,,
T,2025-01-23 07:01:19,47.68464920,17.63294618,10.42,121.565,44.169,7.400,314,16,33,,
T,2025-01-23 07:01:20,47.68471064,17.63289516,10.42,121.563,44.169,7.130,317,18,33,,
T,2025-01-23 07:01:21,47.68476297,17.63283921,10.41,122.225,44.169,6.480,319,14,33,,
T,2025-01-23 07:01:22,47.68481344,17.63279396,10.41,122.030,44.169,6.180,322,15,33,,
T,2025-01-23 07:01:23,47.68486842,17.63275165,10.37,122.265,44.169,5.450,322,16,33,,
T,2025-01-23 07:01:24,47.68491993,17.63271858,10.39,122.584,44.168,4.310,325,17,32,,
T,2025-01-23 07:01:25,47.68495322,17.63269138,10.36,122.158,44.168,3.910,325,16,32,,
T,2025-01-23 07:01:26,47.68501390,17.63268395,10.25,121.484,44.168,4.590,327,18,32,,
T,2025-01-23 07:01:27,47.68506606,17.63266973,9.98,119.719,44.168,5.390,327,18,32,,
T,2025-01-23 07:01:28,47.68511204,17.63266469,10.01,114.976,44.168,5.550,329,18,32,,
T,2025-01-23 07:01:29,47.68516210,17.63263083,10.23,113.665,44.168,5.470,330,19,32,,
T,2025-01-23 07:01:30,47.68521578,17.63259732,10.32,114.526,44.168,5.550,331,16,31,,
T,2025-01-23 07:01:31,47.68526812,17.63256119,10.33,114.160,44.168,5.820,332,13,31,,
T,2025-01-23 07:01:32,47.68532416,17.63251693,10.36,114.127,44.167,6.380,332,13,31,,
T,2025-01-23 07:01:33,47.68538564,17.63247929,10.47,114.885,44.167,7.170,332,12,31,,
T,2025-01-23 07:01:34,47.68544403,17.63243311,10.52,114.842,44.167,7.620,330,11,30,,
T,2025-01-23 07:01:35,47.68551019,17.63238984,10.59,115.074,44.167,7.990,330,12,30,,
T,2025-01-23 07:01:36,47.68557400,17.63233882,10.56,115.169,44.167,8.160,330,13,29,,
T,2025-01-23 07:01:37,47.68565374,17.63229283,10.56,116.507,44.167,8.050,331,14,29,,
T,2025-01-23 07:01:38,47.68572278,17.63225395,10.61,117.483,44.167,7.700,333,11,28,,
T,2025-01-23 07:01:39,47.68578547,17.63221668,10.55,119.285,44.166,7.290,335,13,28,,
T,2025-01-23 07:01:40,47.68584264,17.63217396,10.56,119.275,44.166,6.700,337,13,28,,
T,2025-01-23 07:01:41,47.68589833,17.63214137,10.53,119.108,44.166,6.210,337,12,29,,
T,2025-01-23 07:01:42,47.68594454,17.63211064,10.56,119.425,44.166,5.430,337,13,29,,
T,2025-01-23 07:01:43,47.68598800,17.63208259,10.57,120.039,44.166,4.880,337,12,29,,
T,2025-01-23 07:01:44,47.68602013,17.63205404,10.53,119.986,44.166,4.140,336,17,29,,
T,2025-01-23 07:01:45,47.68605776,17.63203390,10.52,120.720,44.166,3.720,336,17,29,,
T,2025-01-23 07:01:46,47.68608294,17.63200046,10.56,122.924,44.166,3.120,332,17,29,,
T,2025-01-23 07:01:47,47.68610146,17.63196462,10.40,124.764,44.166,2.790,321,19,29,,
T,2025-01-23 07:01:48,47.68612060,17.63193780,10.48,126.096,44.166,2.550,310,17,29,,
T,2025-01-23 07:01:49,47.68613259,17.63191286,10.56,126.589,44.166,2.320,300,16,29,,
T,2025-01-23 07:01:50,47.68614390,17.63188908,10.27,127.323,44.166,1.920,291,17,27,,
T,2025-01-23 07:01:51,47.68614843,17.63186915,10.22,127.772,44.166,1.590,282,20,27,,
T,2025-01-23 07:01:52,47.68615060,17.63185247,10.38,128.272,44.166,1.450,274,15,26,,
T,2025-01-23 07:01:53,47.68615192,17.63183133,10.31,128.744,44.166,1.500,271,15,26,,
T,2025-01-23 07:01:54,47.68615346,17.63180704,10.35,129.792,44.166,2.120,267,18,26,,
T,2025-01-23 07:01:55,47.68615101,17.63176890,10.08,130.002,44.166,3.080,262,15,26,,
T,2025-01-23 07:01:56,47.68614425,17.63170997,10.04,130.662,44.166,4.210,261,16,26,,
T,2025-01-23 07:01:57,47.68613064,17.63163601,10.02,129.947,44.166,5.100,261,16,26,,
T,2025-01-23 07:01:58,47.68611635,17.63155221,10.02,131.465,44.166,5.950,259,19,26,,
T,2025-01-23 07:01:59,47.68609324,17.63148180,9.95,130.287,44.166,6.200,257,18,26,,
T,2025-01-23 07:02:00,47.68607137,17.63140478,10.00,129.139,44.166,6.200,256,18,26,,
T,2025-01-23 07:02:01,47.68604916,17.63132775,9.96,128.431,44.166,5.970,256,19,27,,
T,2025-01-23 07:02:02,47.68602788,17.63125737,10.00,127.004,44.166,5.190,259,18,26,,
T,2025-01-23 07:02:03,47.68601657,17.63119663,9.97,126.813,44.166,4.410,259,19,26,,
T,2025-01-23 07:02:04,47.68600716,17.63113978,9.98,125.048,44.166,3.840,259,20,28,,
T,2025-01-23 07:02:05,47.68600003,17.63109279,9.97,125.351,44.166,3.210,259,19,29,,
T,2025-01-23 07:02:06,47.68598580,17.63105368,10.05,123.989,44.166,2.750,259,21,29,,
T,2025-01-23 07:02:07,47.68598413,17.63102782,9.99,124.411,44.166,2.020,265,22,29,,
T,2025-01-23 07:02:08,47.68598597,17.63100683,9.99,124.887,44.166,1.640,272,22,29,,
T,2025-01-23 07:02:09,47.68598720,17.63098082,10.05,123.852,44.166,2.320,281,21,29,,
T,2025-01-23 07:02:10,47.68599251,17.63095089,10.07,121.931,44.166,2.990,300,20,30,,
T,2025-01-23 07:02:11,47.68600796,17.63091987,10.02,120.361,44.166,3.700,315,21,30,,
T,2025-01-23 07:02:12,47.68603452,17.63089820,9.96,119.571,44.166,4.060,319,22,30,,
T,2025-01-23 07:02:13,47.68606375,17.63089753,10.01,116.653,44.166,4.270,337,23,30,,
T,2025-01-23 07:02:14,47.68610117,17.63089244,9.98,115.710,44.166,4.820,352,24,31,,
T,2025-01-23 07:02:15,47.68614466,17.63088325,9.96,116.592,44.166,5.580,360,24,31,,
T,2025-01-23 07:02:16,47.68619031,17.63088044,10.00,115.658,44.165,6.520,2,25,32,,
T,2025-01-23 07:02:17,47.68624686,17.63087692,9.97,116.003,44.165,7.250,9,25,33,,
T,2025-01-23 07:02:18,47.68631240,17.63087539,10.01,116.067,44.165,7.860,324,20,33,,
T,2025-01-23 07:02:19,47.68638295,17.63086906,10.01,115.733,44.165,8.230,352,16,33,,
T,2025-01-23 07:02:20,47.68645508,17.63086218,10.03,115.193,44.165,8.060,353,19,33,,
T,2025-01-23 07:02:21,47.68652310,17.63085522,10.03,115.168,44.165,7.660,331,16,33,,
T,2025-01-23 07:02:22,47.68657713,17.63086141,10.01,114.805,44.165,7.020,334,16,33,,
T,2025-01-23 07:02:23,47.68663648,17.63086360,10.16,114.267,44.164,6.400,336,18,33,,
T,2025-01-23 07:02:24,47.68668896,17.63086971,10.00,114.125,44.164,5.720,341,14,34,,
T,2025-01-23 07:02:25,47.68673824,17.63087781,10.01,113.952,44.164,5.120,346,18,34,,
T,2025-01-23 07:02:26,47.68677945,17.63087764,10.00,113.488,44.164,4.500,350,19,34,,
T,2025-01-23 07:02:27,47.68681257,17.63089165,10.00,111.244,44.164,3.560,23,18,34,,
T,2025-01-23 07:02:28,47.68683680,17.63089225,9.95,109.436,44.164,2.500,18,18,34,,
T,2025-01-23 07:02:29,47.68685422,17.63089741,9.99,108.129,44.164,1.570,18,18,34,,
T,2025-01-23 07:02:30,47.68686138,17.63089744,9.95,108.537,44.164,0.540,19,19,34,,
T,2025-01-23 07:02:31,47.68686258,17.63089663,9.96,108.367,44.164,0.000,,19,34,,
T,2025-01-23 07:02:32,47.68686223,17.63089151,9.96,109.633,44.164,0.000,,15,34,,
T,2025-01-23 07:02:33,47.68685919,17.63089101,9.96,109.212,44.164,0.190,17,16,34,,
T,2025-01-23 07:02:34,47.68685890,17.63088974,9.96,109.397,44.164,0.200,17,16,34,,
T,2025-01-23 07:02:35,47.68685861,17.63088793,9.95,109.792,44.164,0.210,17,15,34,,
T,2025-01-23 07:02:36,47.68685936,17.63088738,9.96,109.757,44.164,0.170,17,16,27,,
T,2025-01-23 07:02:37,47.68686068,17.63088802,9.97,109.428,44.164,0.000,,15,26,,
T,2025-01-23 07:02:38,47.68686034,17.63088856,9.97,109.522,44.164,0.000,,11,26,,
T,2025-01-23 07:02:39,47.68685993,17.63088713,10.08,109.418,44.164,0.000,,12,26,,
T,2025-01-23 07:02:40,47.68685982,17.63088599,10.50,109.211,44.164,0.150,16,10,26,,
T,2025-01-23 07:02:41,47.68685954,17.63088626,10.85,109.194,44.164,0.150,16,10,25,,
T,2025-01-23 07:02:42,47.68686122,17.63088693,11.20,109.117,44.164,0.000,,14,24,,
T,2025-01-23 07:02:43,47.68686816,17.63088886,11.37,110.501,44.164,0.000,,11,23,,
T,2025-01-23 07:02:44,47.68686996,17.63088893,11.43,111.004,44.164,0.000,,13,22,,
T,2025-01-23 07:02:45,47.68687185,17.63088931,11.51,111.166,44.164,0.000,,12,22,,
T,2025-01-23 07:02:46,47.68687350,17.63089038,11.51,111.263,44.164,0.000,,12,22,,
T,2025-01-23 07:02:47,47.68687368,17.63089128,11.42,111.221,44.164,0.000,,15,22,,
T,2025-01-23 07:02:48,47.68687494,17.63089056,11.36,111.382,44.164,0.000,,15,21,,
T,2025-01-23 07:02:49,47.68687745,17.63089041,11.24,111.540,44.164,0.270,16,12,21,,
T,2025-01-23 07:02:50,47.68688141,17.63088926,11.29,111.495,44.164,0.560,15,14,21,,
T,2025-01-23 07:02:51,47.68688955,17.63088692,11.13,111.689,44.164,1.070,14,12,21,,
T,2025-01-23 07:02:52,47.68690378,17.63088518,10.67,111.971,44.164,1.640,12,15,21,,
T,2025-01-23 07:02:53,47.68691767,17.63088168,10.24,111.565,44.164,1.840,9,15,21,,
T,2025-01-23 07:02:54,47.68693583,17.63087584,10.14,111.710,44.164,2.190,6,19,21,,
T,2025-01-23 07:02:55,47.68696243,17.63087065,9.98,112.624,44.164,2.460,3,17,21,,
T,2025-01-23 07:02:56,47.68698586,17.63086470,9.97,112.989,44.164,2.810,1,16,22,,
T,2025-01-23 07:02:57,47.68701353,17.63085168,9.95,113.629,44.164,3.570,357,16,23,,
T,2025-01-23 07:02:58,47.68704919,17.63083894,9.95,113.980,44.163,4.300,352,20,23,,
T,2025-01-23 07:02:59,47.68708814,17.63080710,9.95,115.449,44.163,4.770,336,20,24,,
T,2025-01-23 07:03:00,47.68712799,17.63075268,10.00,116.575,44.163,5.160,321,20,24,,
T,2025-01-23 07:03:01,47.68715220,17.63068939,10.00,116.539,44.163,5.540,302,22,24,,
T,2025-01-23 07:03:02,47.68717146,17.63061249,10.01,117.557,44.163,6.000,288,21,24,,
T,2025-01-23 07:03:03,47.68718126,17.63052437,10.06,118.215,44.163,6.450,277,21,24,,
T,2025-01-23 07:03:04,47.68718279,17.63042953,10.05,119.018,44.163,7.030,270,17,24,,
T,2025-01-23 07:03:05,47.68717607,17.63032116,9.97,118.964,44.163,7.720,267,22,25,,
T,2025-01-23 07:03:06,47.68717023,17.63018668,9.96,118.770,44.163,9.110,267,18,26,,
T,2025-01-23 07:03:07,47.68716403,17.63003287,10.01,118.549,44.163,10.540,267,19,26,,
T,2025-01-23 07:03:08,47.68716334,17.62986118,10.04,118.807,44.163,11.440,267,17,26,,
T,2025-01-23 07:03:09,47.68715997,17.62970630,9.96,118.029,44.163,11.880,266,19,26,,
T,2025-01-23 07:03:10,47.68715660,17.62954676,9.95,117.682,44.163,12.040,266,19,26,,
T,2025-01-23 07:03:11,47.68715758,17.62938517,9.97,117.456,44.163,12.190,268,17,26,,
T,2025-01-23 07:03:12,47.68715275,17.62922754,9.96,117.744,44.163,11.900,268,21,26,,
T,2025-01-23 07:03:13,47.68714792,17.62906477,9.96,117.444,44.163,11.720,267,22,26,,
T,2025-01-23 07:03:14,47.68714538,17.62890884,9.99,117.195,44.163,11.530,266,18,26,,
T,2025-01-23 07:03:15,47.68714386,17.62875783,10.01,116.941,44.163,11.220,267,17,26,,
T,2025-01-23 07:03:16,47.68714015,17.62861100,10.00,117.088,44.163,10.810,266,20,26,,
T,2025-01-23 07:03:17,47.68713835,17.62847123,9.97,116.882,44.163,10.510,265,20,26,,
T,2025-01-23 07:03:18,47.68713764,17.62833528,9.96,116.184,44.163,10.330,267,18,26,,
T,2025-01-23 07:03:19,47.68713580,17.62820115,9.97,116.304,44.163,9.800,270,21,26,,
T,2025-01-23 07:03:20,47.68713395,17.62807747,9.96,115.622,44.163,9.190,271,19,26,,
T,2025-01-23 07:03:21,47.68713129,17.62795306,10.05,115.523,44.163,8.960,270,20,26,,
T,2025-01-23 07:03:22,47.68713005,17.62783315,9.98,115.203,44.163,8.520,267,17,26,,
T,2025-01-23 07:03:23,47.68712725,17.62772663,9.98,114.997,44.163,7.850,265,19,26,,
T,2025-01-23 07:03:24,47.68712157,17.62762696,10.05,114.565,44.163,6.870,263,19,26,,
T,2025-01-23 07:03:25,47.68711510,17.62754524,10.05,114.181,44.163,5.720,263,18,26,,
T,2025-01-23 07:03:26,47.68710701,17.62747707,10.03,113.757,44.163,5.010,258,17,26,,
T,2025-01-23 07:03:27,47.68709637,17.62741583,10.02,113.837,44.163,4.250,254,22,26,,
T,2025-01-23 07:03:28,47.68708672,17.62736905,10.04,113.529,44.163,3.280,252,18,26,,
T,2025-01-23 07:03:29,47.68707733,17.62733268,9.99,112.088,44.163,3.110,250,13,26,,
T,2025-01-23 07:03:30,47.68706855,17.62729984,10.06,112.364,44.163,2.280,244,14,26,,
T,2025-01-23 07:03:31,47.68706027,17.62727443,10.12,111.856,44.163,1.950,243,15,26,,
T,2025-01-23 07:03:32,47.68704920,17.62724545,10.02,110.929,44.164,2.210,241,15,26,,
T,2025-01-23 07:03:33,47.68703739,17.62721945,10.06,110.808,44.164,2.270,238,17,26,,
T,2025-01-23 07:03:34,47.68702489,17.62719229,10.00,110.341,44.164,2.390,235,13,26,,
T,2025-01-23 07:03:35,47.68701319,17.62716514,9.99,110.112,44.164,2.310,233,19,26,,
T,2025-01-23 07:03:36,47.68700730,17.62714072,9.95,110.843,44.164,1.850,232,20,26,,
T,2025-01-23 07:03:37,47.68700031,17.62711847,9.95,112.212,44.164,1.610,235,17,26,,
T,2025-01-23 07:03:38,47.68699075,17.62709334,10.00,112.589,44.164,1.940,236,19,26,,
T,2025-01-23 07:03:39,47.68697884,17.62706488,10.01,112.362,44.164,2.650,240,17,26,,
T,2025-01-23 07:03:40,47.68696500,17.62702642,10.02,112.559,44.164,3.200,243,22,26,,
T,2025-01-23 07:03:41,47.68696125,17.62698768,9.98,111.964,44.164,3.060,251,17,26,,
T,2025-01-23 07:03:42,47.68695741,17.62694976,9.99,112.288,44.164,2.490,261,18,26,,
T,2025-01-23 07:03:43,47.68695986,17.62692481,9.96,113.342,44.164,1.590,267,21,26,,
T,2025-01-23 07:03:44,47.68696109,17.62689919,9.97,113.909,44.164,1.490,272,18,26,,
T,2025-01-23 07:03:45,47.68696354,17.62688394,10.01,113.257,44.164,1.150,275,19,26,,
T,2025-01-23 07:03:46,47.68696599,17.62686872,10.00,113.268,44.164,1.230,277,19,25,,
T,2025-01-23 07:03:47,47.68697000,17.62684535,10.02,113.291,44.164,1.920,282,19,25,,
T,2025-01-23 07:03:48,47.68697544,17.62681109,10.00,113.580,44.164,2.800,286,20,25,,
T,2025-01-23 07:03:49,47.68698578,17.62677222,10.02,113.161,44.164,3.520,291,20,25,,
T,2025-01-23 07:03:50,47.68700008,17.62672328,10.04,113.321,44.164,4.200,296,18,25,,
T,2025-01-23 07:03:51,47.68701987,17.62667179,10.04,113.180,44.164,4.760,298,19,25,,
T,2025-01-23 07:03:52,47.68704154,17.62661082,10.02,113.207,44.164,5.340,300,17,25,,
T,2025-01-23 07:03:53,47.68706972,17.62653831,10.00,113.206,44.163,6.060,298,17,25,,
T,2025-01-23 07:03:54,47.68710860,17.62644776,10.20,112.712,44.163,7.020,298,21,25,,
T,2025-01-23 07:03:55,47.68714269,17.62636104,10.24,113.187,44.163,7.370,299,14,25,,
T,2025-01-23 07:03:56,47.68718759,17.62626027,10.43,112.401,44.163,8.040,301,18,25,,
T,2025-01-23 07:03:57,47.68722838,17.62616581,10.50,112.025,44.163,8.470,301,16,25,,
T,2025-01-23 07:03:58,47.68730604,17.62607669,10.22,111.198,44.163,8.970,309,16,25,,
T,2025-01-23 07:03:59,47.68736715,17.62599410,10.14,111.457,44.163,9.060,316,17,25,,
T,2025-01-23 07:04:00,47.68743111,17.62591914,10.34,111.626,44.163,8.950,320,13,25,,
T,2025-01-23 07:04:01,47.68749752,17.62584683,10.56,111.583,44.162,8.800,325,15,25,,
T,2025-01-23 07:04:02,47.68756300,17.62578658,10.58,110.812,44.162,8.630,326,15,25,,
T,2025-01-23 07:04:03,47.68762184,17.62572706,10.68,110.189,44.162,8.240,326,13,25,,
T,2025-01-23 07:04:04,47.68768373,17.62566568,10.46,110.319,44.162,7.900,327,16,25,,
T,2025-01-23 07:04:05,47.68774557,17.62560680,10.35,111.085,44.162,7.700,328,15,25,,
T,2025-01-23 07:04:06,47.68780183,17.62554811,9.96,112.313,44.162,7.450,328,16,25,,
T,2025-01-23 07:04:07,47.68786425,17.62550672,9.99,111.969,44.162,7.220,329,17,25,,
T,2025-01-23 07:04:08,47.68792595,17.62546514,9.96,111.320,44.161,7.090,332,19,25,,
T,2025-01-23 07:04:09,47.68798439,17.62543019,10.01,111.403,44.161,6.740,337,19,25,,
T,2025-01-23 07:04:10,47.68803320,17.62540342,9.95,112.565,44.161,5.590,341,18,25,,
T,2025-01-23 07:04:11,47.68807902,17.62538342,9.95,111.430,44.161,4.830,343,20,25,,
T,2025-01-23 07:04:12,47.68812030,17.62536553,9.96,111.609,44.161,4.030,343,20,25,,
T,2025-01-23 07:04:13,47.68815095,17.62535151,9.95,111.500,44.161,3.040,342,20,25,,
T,2025-01-23 07:04:14,47.68817412,17.62534339,9.95,111.229,44.161,2.040,343,20,26,,
T,2025-01-23 07:04:15,47.68818488,17.62533487,9.95,110.524,44.161,0.900,343,24,26,,
T,2025-01-23 07:04:16,47.68818799,17.62533571,9.95,110.622,44.161,0.220,344,21,26,,
T,2025-01-23 07:04:17,47.68819104,17.62533549,9.94,110.563,44.161,0.410,344,19,26,,
T,2025-01-23 07:04:18,47.68819641,17.62533982,9.95,110.373,44.161,0.200,344,21,26,,
T,2025-01-23 07:04:19,47.68819824,17.62534053,9.95,110.223,44.161,0.170,344,19,26,,
T,2025-01-23 07:04:20,47.68819822,17.62534061,9.95,110.219,44.161,0.000,,21,26,,
T,2025-01-23 07:04:21,47.68819827,17.62534067,3.80,110.230,44.161,0.000,,21,26,,
T,2025-01-23 07:04:22,47.68819827,17.62534070,3.80,110.229,44.161,0.000,,23,26,,
T,2025-01-23 07:04:23,47.68819829,17.62534072,3.80,110.231,44.161,0.000,,20,26,,
T,2025-01-23 07:04:24,47.68819825,17.62534076,3.80,110.238,44.161,0.000,,22,26,,
T,2025-01-23 07:04:25,47.68819825,17.62534079,3.81,110.239,44.161,0.000,,21,26,,
T,2025-01-23 07:04:26,47.68819828,17.62534079,3.80,110.234,44.161,0.000,,21,26,,
T,2025-01-23 07:04:27,47.68819824,17.62534083,3.80,110.240,44.161,0.000,,19,26,,
T,2025-01-23 07:04:28,47.68819826,17.62534079,3.81,110.239,44.161,0.000,,21,26,,
T,2025-01-23 07:04:29,47.68819833,17.62534075,3.81,110.234,44.161,0.000,,23,26,,
T,2025-01-23 07:04:30,47.68819833,17.62534079,3.80,110.239,44.161,0.000,,22,26,,
T,2025-01-23 07:04:31,47.68820940,17.62533142,3.80,112.750,44.161,0.320,346,21,26,,
T,2025-01-23 07:04:32,47.68821616,17.62532858,3.80,112.556,44.161,1.290,346,21,26,,
T,2025-01-23 07:04:33,47.68823008,17.62531800,3.82,112.589,44.161,2.160,343,22,27,,
T,2025-01-23 07:04:34,47.68825386,17.62530619,3.81,112.525,44.161,3.060,343,23,27,,
T,2025-01-23 07:04:35,47.68828343,17.62528531,3.80,112.112,44.161,4.200,342,23,27,,
T,2025-01-23 07:04:36,47.68832357,17.62525652,3.80,112.061,44.161,5.400,351,22,27,,
T,2025-01-23 07:04:37,47.68836750,17.62522454,3.96,112.256,44.160,5.900,4,24,27,,
T,2025-01-23 07:04:38,47.68842008,17.62519021,3.84,112.306,44.160,6.710,12,21,27,,
T,2025-01-23 07:04:39,47.68849571,17.62513825,3.79,108.420,44.160,6.780,62,19,27,,
T,2025-01-23 07:04:40,47.68856605,17.62510504,3.79,108.375,44.160,8.230,72,24,27,,
T,2025-01-23 07:04:41,47.68863633,17.62506472,3.79,108.329,44.160,8.350,65,24,27,,
T,2025-01-23 07:04:42,47.68871628,17.62502100,3.79,108.283,44.160,9.380,339,25,27,,
T,2025-01-23 07:04:43,47.68880029,17.62497812,3.79,108.280,44.159,9.980,341,25,27,,
T,2025-01-23 07:04:44,47.68888942,17.62492683,3.79,108.575,44.159,10.470,328,25,27,,
T,2025-01-23 07:04:45,47.68897487,17.62488138,3.79,108.742,44.159,9.980,339,25,27,,
T,2025-01-23 07:04:46,47.68904781,17.62485514,3.79,109.850,44.159,9.400,337,25,27,,
T,2025-01-23 07:04:47,47.68912545,17.62480765,3.79,109.445,44.159,9.580,326,25,27,,
T,2025-01-23 07:04:48,47.68919927,17.62475808,3.79,109.378,44.158,8.720,334,25,27,,
T,2025-01-23 07:04:49,47.68926335,17.62471826,3.79,108.552,44.158,6.710,336,25,27,,
T,2025-01-23 07:04:50,47.68932040,17.62468604,3.79,108.255,44.158,6.280,337,25,27,,
T,2025-01-23 07:04:51,47.68937609,17.62465574,3.79,108.340,44.158,6.480,339,25,27,,
T,2025-01-23 07:04:52,47.68942773,17.62461254,3.79,107.894,44.158,6.070,333,25,27,,
T,2025-01-23 07:04:53,47.68946385,17.62458405,3.79,107.477,44.158,4.650,333,25,27,,
T,2025-01-23 07:04:54,47.68950169,17.62456898,3.79,106.948,44.158,4.150,337,23,27,,
T,2025-01-23 07:04:55,47.68953557,17.62456342,3.79,106.881,44.158,4.090,343,23,27,,
T,2025-01-23 07:04:56,47.68957424,17.62456502,3.79,107.109,44.158,3.840,352,24,27,,
T,2025-01-23 07:04:57,47.68960704,17.62456365,3.79,106.961,44.158,3.690,356,24,27,,
T,2025-01-23 07:04:58,47.68964013,17.62458076,3.79,107.124,44.157,3.850,13,23,27,,
T,2025-01-23 07:04:59,47.68967391,17.62460146,3.79,106.610,44.157,4.030,22,24,27,,
T,2025-01-23 07:05:00,47.68970721,17.62463404,3.79,106.654,44.157,4.600,35,24,27,,
T,2025-01-23 07:05:01,47.68973830,17.62469561,3.79,107.056,44.157,5.450,46,24,27,,
T,2025-01-23 07:05:02,47.68977660,17.62475635,3.79,106.551,44.157,6.160,48,24,27,,
T,2025-01-23 07:05:03,47.68981624,17.62483338,3.79,106.803,44.157,7.080,54,24,27,,
T,2025-01-23 07:05:04,47.68985142,17.62491538,3.79,107.917,44.157,7.190,66,24,27,,
T,2025-01-23 07:05:05,47.68989169,17.62500692,3.79,108.633,44.157,7.930,65,23,27,,
T,2025-01-23 07:05:06,47.68993517,17.62510017,3.79,108.620,44.157,8.260,65,24,27,,
T,2025-01-23 07:05:07,47.68998093,17.62520491,3.79,109.205,44.157,9.040,62,24,27,,
T,2025-01-23 07:05:08,47.69003684,17.62530968,3.79,109.638,44.157,9.830,55,24,27,,
T,2025-01-23 07:05:09,47.69010609,17.62541161,3.79,109.109,44.156,10.270,52,24,27,,
T,2025-01-23 07:05:10,47.69018836,17.62551276,3.79,109.687,44.156,11.000,46,24,27,,
T,2025-01-23 07:05:11,47.69026394,17.62560802,3.79,109.899,44.156,11.020,43,24,27,,
T,2025-01-23 07:05:12,47.69034098,17.62570618,3.79,109.923,44.156,11.100,44,24,27,,
T,2025-01-23 07:05:13,47.69040603,17.62580064,3.79,110.242,44.156,10.650,46,24,27,,
T,2025-01-23 07:05:14,47.69051046,17.62592014,3.79,110.983,44.155,11.590,44,24,27,,
T,2025-01-23 07:05:15,47.69060431,17.62600714,3.79,111.645,44.155,11.850,41,24,27,,
T,2025-01-23 07:05:16,47.69069397,17.62609497,3.79,111.940,44.155,11.750,45,24,27,,
T,2025-01-23 07:05:17,47.69078298,17.62618784,3.79,112.060,44.155,11.910,37,24,27,,
T,2025-01-23 07:05:18,47.69086976,17.62627150,3.79,112.397,44.155,11.630,34,24,27,,
T,2025-01-23 07:05:19,47.69094783,17.62636503,3.79,112.549,44.154,11.150,41,24,27,,
T,2025-01-23 07:05:20,47.69103727,17.62644984,3.79,112.065,44.154,10.870,36,24,27,,
T,2025-01-23 07:05:21,47.69111407,17.62653485,3.79,112.122,44.154,10.480,42,24,27,,
T,2025-01-23 07:05:22,47.69119143,17.62662380,3.79,111.975,44.154,10.310,41,24,27,,
T,2025-01-23 07:05:23,47.69126600,17.62669462,3.79,112.245,44.154,10.010,42,24,27,,
T,2025-01-23 07:05:24,47.69133759,17.62677391,3.79,112.286,44.153,9.980,41,24,27,,
T,2025-01-23 07:05:25,47.69140775,17.62685293,3.79,112.460,44.153,9.940,40,24,27,,
T,2025-01-23 07:05:26,47.69147861,17.62692823,3.79,112.190,44.153,9.750,38,24,27,,
T,2025-01-23 07:05:27,47.69154804,17.62700789,3.79,111.847,44.153,9.690,40,24,27,,
T,2025-01-23 07:05:28,47.69161603,17.62708942,3.79,111.244,44.153,9.710,44,24,27,,
T,2025-01-23 07:05:29,47.69168052,17.62717721,3.79,110.640,44.153,9.910,42,23,27,,
T,2025-01-23 07:05:30,47.69174062,17.62727530,3.79,111.461,44.152,9.870,35,23,27,,
T,2025-01-23 07:05:31,47.69180236,17.62737449,3.79,111.319,44.152,9.860,41,24,27,,
T,2025-01-23 07:05:32,47.69185888,17.62747866,3.79,110.906,44.152,9.820,43,24,27,,
T,2025-01-23 07:05:33,47.69191278,17.62757449,3.79,110.825,44.152,9.440,44,24,27,,
T,2025-01-23 07:05:34,47.69195995,17.62767415,3.79,110.861,44.152,8.990,50,24,27,,
T,2025-01-23 07:05:35,47.69201176,17.62777457,3.79,110.821,44.152,8.940,49,24,27,,
T,2025-01-23 07:05:36,47.69205553,17.62785689,3.79,110.888,44.152,8.320,45,24,27,,
T,2025-01-23 07:05:37,47.69209375,17.62791933,3.79,110.838,44.152,7.530,47,24,27,,
T,2025-01-23 07:05:38,47.69213593,17.62798393,3.79,110.737,44.151,7.100,42,22,27,,
T,2025-01-23 07:05:39,47.69218018,17.62804670,3.79,110.983,44.151,6.740,45,21,27,,
T,2025-01-23 07:05:40,47.69221784,17.62809549,3.79,111.062,44.151,6.200,39,22,27,,
T,2025-01-23 07:05:41,47.69224839,17.62814908,3.79,110.890,44.151,5.360,35,23,27,,
T,2025-01-23 07:05:42,47.69227513,17.62819436,3.79,110.743,44.151,4.600,40,23,27,,
T,2025-01-23 07:05:43,47.69229751,17.62823153,3.79,111.327,44.151,3.940,41,24,27,,
T,2025-01-23 07:05:44,47.69232829,17.62828335,3.79,109.875,44.151,3.670,35,24,27,,
T,2025-01-23 07:05:45,47.69234429,17.62832742,3.79,110.535,44.151,3.540,38,24,27,,
T,2025-01-23 07:05:46,47.69236287,17.62835875,3.79,110.439,44.151,3.140,37,24,27,,
T,2025-01-23 07:05:47,47.69238199,17.62839009,3.79,110.337,44.151,3.010,47,24,27,,
T,2025-01-23 07:05:48,47.69240295,17.62842499,3.79,110.318,44.151,3.410,40,24,27,,
T,2025-01-23 07:05:49,47.69242640,17.62845835,3.79,110.941,44.151,3.500,43,24,27,,
T,2025-01-23 07:05:50,47.69244922,17.62849706,3.79,109.848,44.151,3.230,48,24,27,,
T,2025-01-23 07:05:51,47.69246928,17.62853230,3.79,109.917,44.151,3.110,46,24,27,,
T,2025-01-23 07:05:52,47.69248976,17.62856365,3.79,110.231,44.151,2.880,40,24,27,,
T,2025-01-23 07:05:53,47.69251241,17.62858799,3.79,110.422,44.151,2.970,32,24,27,,
T,2025-01-23 07:05:54,47.69253632,17.62860865,3.79,110.239,44.151,3.010,31,24,27,,
T,2025-01-23 07:05:55,47.69256002,17.62863112,3.79,110.678,44.150,3.090,26,24,27,,
T,2025-01-23 07:05:56,47.69258524,17.62864623,3.79,110.911,44.150,3.110,16,24,27,,
T,2025-01-23 07:05:57,47.69261498,17.62865744,3.79,110.135,44.150,3.220,11,24,27,,
T,2025-01-23 07:05:58,47.69264847,17.62866907,3.79,110.181,44.150,3.730,14,24,27,,
T,2025-01-23 07:05:59,47.69268394,17.62868269,3.79,109.782,44.150,3.980,14,24,27,,
T,2025-01-23 07:06:00,47.69272586,17.62870104,3.79,108.905,44.150,4.640,20,24,27,,
T,2025-01-23 07:06:01,47.69278095,17.62869835,3.79,108.580,44.150,5.110,24,23,27,,
T,2025-01-23 07:06:02,47.69282287,17.62873008,3.79,108.580,44.150,5.430,22,24,27,,
T,2025-01-23 07:06:03,47.69288578,17.62874021,3.79,108.985,44.150,5.840,27,24,27,,
T,2025-01-23 07:06:04,47.69293092,17.62877175,3.79,109.220,44.150,5.720,31,24,27,,
T,2025-01-23 07:06:05,47.69297438,17.62881148,3.79,109.648,44.149,5.620,32,24,27,,
T,2025-01-23 07:06:06,47.69302004,17.62884436,3.79,109.753,44.149,5.380,30,24,27,,
T,2025-01-23 07:06:07,47.69306123,17.62888082,3.79,109.295,44.149,5.440,31,24,27,,
T,2025-01-23 07:06:08,47.69310169,17.62892197,3.79,109.408,44.149,4.860,27,24,27,,
T,2025-01-23 07:06:09,47.69313064,17.62894888,3.79,109.287,44.149,3.950,29,24,27,,
T,2025-01-23 07:06:10,47.69315791,17.62896037,3.94,109.764,44.149,3.160,35,24,27,,
T,2025-01-23 07:06:11,47.69317210,17.62897571,3.79,109.740,44.149,1.910,36,24,27,,
T,2025-01-23 07:06:12,47.69318377,17.62896993,3.79,109.727,44.149,0.740,46,24,27,,
T,2025-01-23 07:06:13,47.69318128,17.62897580,3.79,108.744,44.149,0.000,,24,27,,
T,2025-01-23 07:06:14,47.69317979,17.62896934,3.93,108.586,44.149,0.000,,24,27,,
T,2025-01-23 07:06:15,47.69317841,17.62896579,4.17,108.966,44.149,0.000,,24,27,,
T,2025-01-23 07:06:16,47.69317561,17.62896112,4.11,108.993,44.149,0.000,,24,27,,
T,2025-01-23 07:06:17,47.69317295,17.62895869,4.40,109.392,44.149,0.240,41,24,27,,
T,2025-01-23 07:06:18,47.69317020,17.62896277,4.31,108.574,44.149,0.610,25,24,27,,
T,2025-01-23 07:06:19,47.69317126,17.62896940,3.96,107.840,44.149,0.530,41,23,27,,
T,2025-01-23 07:06:20,47.69317715,17.62897525,3.79,108.325,44.149,0.800,34,24,27,,
T,2025-01-23 07:06:21,47.69318034,17.62896916,3.79,108.150,44.149,0.320,41,24,27,,
T,2025-01-23 07:06:22,47.69318052,17.62896215,3.79,108.644,44.149,0.180,41,24,27,,
T,2025-01-23 07:06:23,47.69317980,17.62895080,3.79,109.250,44.149,0.000,,24,27,,
