type,date time,latitude,longitude,accuracy(m),altitude(m),geoid_height(m),speed(m/s),bearing(deg),sat_used,sat_inview,name,desc
T,2025-01-23 12:52:42,47.67526868,17.66565590,3.79,108.751,44.191,0.000,,30,31,20250123-135242,GPS Logger: 20250123-135242 - szerviz-egyetem0123
T,2025-01-23 12:52:43,47.67526865,17.66565587,3.79,108.749,44.191,0.000,,30,31,,
T,2025-01-23 12:52:44,47.67526865,17.66565584,3.79,108.747,44.191,0.000,,30,31,,
T,2025-01-23 12:52:45,47.67526866,17.66565580,3.79,108.747,44.191,0.000,,30,31,,
T,2025-01-23 12:52:46,47.67526866,17.66565575,3.79,108.743,44.191,0.000,,29,31,,
T,2025-01-23 12:52:47,47.67526867,17.66565569,3.79,108.742,44.191,0.000,,29,31,,
T,2025-01-23 12:52:48,47.67526868,17.66565565,3.79,108.741,44.191,0.000,,30,31,,
T,2025-01-23 12:52:49,47.67526868,17.66565560,3.79,108.737,44.191,0.000,,30,31,,
T,2025-01-23 12:52:50,47.67526868,17.66565556,3.79,108.737,44.191,0.000,,30,31,,
T,2025-01-23 12:52:51,47.67526529,17.66566148,3.79,108.319,44.191,0.550,123,29,31,,
T,2025-01-23 12:52:52,47.67526055,17.66567496,3.79,108.768,44.191,1.250,113,29,31,,
T,2025-01-23 12:52:53,47.67525912,17.66570068,3.79,109.237,44.191,1.750,106,29,31,,
T,2025-01-23 12:52:54,47.67525937,17.66572659,3.79,109.118,44.191,1.960,96,29,31,,
T,2025-01-23 12:52:55,47.67526516,17.66575643,3.79,109.163,44.191,2.150,83,30,31,,
T,2025-01-23 12:52:56,47.67528513,17.66579277,3.79,109.246,44.191,3.650,76,30,31,,
T,2025-01-23 12:52:57,47.67532418,17.66581953,3.79,109.801,44.191,4.310,32,30,31,,
T,2025-01-23 12:52:58,47.67536737,17.66584864,3.79,110.360,44.190,4.770,33,29,31,,
T,2025-01-23 12:52:59,47.67542320,17.66587757,3.79,110.248,44.190,5.010,33,29,31,,
T,2025-01-23 12:53:00,47.67546447,17.66591245,3.79,110.649,44.190,5.290,32,29,31,,
T,2025-01-23 12:53:01,47.67550835,17.66594776,3.79,110.350,44.190,5.060,31,29,31,,
T,2025-01-23 12:53:02,47.67554832,17.66598178,3.79,110.112,44.190,5.050,29,30,31,,
T,2025-01-23 12:53:03,47.67558638,17.66601707,3.79,110.152,44.190,5.010,30,30,31,,
T,2025-01-23 12:53:04,47.67562425,17.66604896,3.79,110.811,44.190,4.790,29,30,31,,
T,2025-01-23 12:53:05,47.67565626,17.66606656,3.79,111.322,44.190,3.890,26,30,31,,
T,2025-01-23 12:53:06,47.67568305,17.66607608,3.79,111.731,44.190,3.200,21,30,31,,
T,2025-01-23 12:53:07,47.67570672,17.66608325,3.79,111.857,44.190,2.520,15,30,31,,
T,2025-01-23 12:53:08,47.67573875,17.66606524,3.79,111.792,44.190,3.510,2,30,31,,
T,2025-01-23 12:53:09,47.67577513,17.66602516,3.79,112.077,44.190,4.610,347,30,31,,
T,2025-01-23 12:53:10,47.67580906,17.66595464,3.79,112.664,44.189,5.580,333,30,31,,
T,2025-01-23 12:53:11,47.67584665,17.66586850,3.79,112.735,44.189,6.860,322,30,31,,
T,2025-01-23 12:53:12,47.67587577,17.66577247,3.79,113.069,44.189,7.440,306,29,31,,
T,2025-01-23 12:53:13,47.67589715,17.66568291,3.79,113.562,44.189,6.800,294,29,31,,
T,2025-01-23 12:53:14,47.67591595,17.66560148,3.79,112.996,44.189,6.130,290,28,31,,
T,2025-01-23 12:53:15,47.67593523,17.66552954,3.79,112.744,44.189,5.610,288,26,31,,
T,2025-01-23 12:53:16,47.67595737,17.66546936,3.79,113.036,44.189,4.990,289,26,31,,
T,2025-01-23 12:53:17,47.67598627,17.66543131,3.79,112.316,44.189,3.210,289,26,31,,
T,2025-01-23 12:53:18,47.67601110,17.66541281,3.79,112.048,44.189,2.200,291,26,31,,
T,2025-01-23 12:53:19,47.67603445,17.66540379,3.79,112.247,44.189,1.790,291,26,31,,
T,2025-01-23 12:53:20,47.67607308,17.66541065,3.79,112.582,44.189,3.350,294,27,31,,
T,2025-01-23 12:53:21,47.67612224,17.66544036,3.79,112.696,44.189,4.510,302,27,31,,
T,2025-01-23 12:53:22,47.67617175,17.66550201,3.79,113.185,44.189,6.740,303,28,31,,
T,2025-01-23 12:53:23,47.67623141,17.66557587,3.79,112.863,44.188,8.460,301,29,31,,
T,2025-01-23 12:53:24,47.67629683,17.66565749,3.79,113.024,44.188,9.270,39,30,31,,
T,2025-01-23 12:53:25,47.67635461,17.66575757,3.79,112.973,44.188,9.490,45,30,31,,
T,2025-01-23 12:53:26,47.67640313,17.66587459,3.79,112.245,44.188,9.590,56,30,31,,
T,2025-01-23 12:53:27,47.67644834,17.66599063,3.79,112.739,44.188,10.070,63,30,31,,
T,2025-01-23 12:53:28,47.67648509,17.66611144,3.79,112.802,44.188,9.930,69,30,31,,
T,2025-01-23 12:53:29,47.67651119,17.66622695,3.79,112.418,44.188,9.340,72,30,31,,
T,2025-01-23 12:53:30,47.67654124,17.66632752,3.79,112.420,44.188,7.970,68,30,31,,
T,2025-01-23 12:53:31,47.67657517,17.66640761,3.79,112.400,44.188,7.090,64,30,31,,
T,2025-01-23 12:53:32,47.67660871,17.66647802,3.79,111.537,44.188,6.010,60,30,31,,
T,2025-01-23 12:53:33,47.67664403,17.66652679,3.79,111.617,44.187,4.820,56,30,31,,
T,2025-01-23 12:53:34,47.67666781,17.66655636,3.79,112.127,44.187,3.150,53,30,31,,
T,2025-01-23 12:53:35,47.67668178,17.66656939,3.79,112.137,44.187,1.690,51,30,31,,
T,2025-01-23 12:53:36,47.67668746,17.66657118,3.79,112.115,44.187,0.750,50,30,31,,
T,2025-01-23 12:53:37,47.67669295,17.66656993,3.79,112.073,44.187,0.270,50,30,31,,
T,2025-01-23 12:53:38,47.67670044,17.66657863,3.79,112.153,44.187,0.810,47,30,31,,
T,2025-01-23 12:53:39,47.67671860,17.66659498,3.79,112.476,44.187,2.280,40,29,31,,
T,2025-01-23 12:53:40,47.67675134,17.66660735,3.79,112.445,44.187,3.560,28,29,31,,
T,2025-01-23 12:53:41,47.67679245,17.66659973,3.79,112.183,44.187,4.280,17,30,31,,
T,2025-01-23 12:53:42,47.67683067,17.66647195,3.79,112.276,44.187,4.640,6,30,31,,
T,2025-01-23 12:53:43,47.67685663,17.66638984,3.79,112.371,44.187,4.380,3,30,31,,
T,2025-01-23 12:53:44,47.67688436,17.66630358,3.79,112.527,44.187,4.080,2,30,31,,
T,2025-01-23 12:53:45,47.67691494,17.66620374,3.79,112.254,44.187,3.830,356,30,31,,
T,2025-01-23 12:53:46,47.67695243,17.66608127,3.79,112.200,44.187,8.320,5,30,31,,
T,2025-01-23 12:53:47,47.67698772,17.66598026,3.79,111.969,44.187,5.460,355,30,31,,
T,2025-01-23 12:53:48,47.67701909,17.66586782,3.79,111.725,44.187,5.670,355,30,31,,
T,2025-01-23 12:53:49,47.67705407,17.66576532,3.79,111.898,44.186,4.600,351,30,31,,
T,2025-01-23 12:53:50,47.67708616,17.66566380,3.79,111.614,44.186,4.330,351,30,31,,
T,2025-01-23 12:53:51,47.67711127,17.66558018,3.79,111.491,44.186,2.890,351,30,31,,
T,2025-01-23 12:53:52,47.67713496,17.66550684,3.79,111.352,44.186,2.300,352,30,31,,
T,2025-01-23 12:53:53,47.67715599,17.66543566,3.79,111.329,44.186,2.120,353,30,31,,
T,2025-01-23 12:53:54,47.67718169,17.66535859,3.79,111.306,44.186,2.870,350,30,31,,
T,2025-01-23 12:53:55,47.67721479,17.66527608,3.79,111.513,44.186,4.560,344,30,31,,
T,2025-01-23 12:53:56,47.67723881,17.66518131,3.79,111.596,44.186,4.790,344,30,31,,
T,2025-01-23 12:53:57,47.67727765,17.66508330,3.79,112.111,44.186,6.580,314,30,31,,
T,2025-01-23 12:53:58,47.67729359,17.66495661,3.79,112.499,44.186,8.690,289,30,31,,
T,2025-01-23 12:53:59,47.67732457,17.66484417,3.79,112.559,44.186,9.360,292,30,31,,
T,2025-01-23 12:54:00,47.67736001,17.66472339,3.79,112.072,44.186,9.700,289,30,31,,
T,2025-01-23 12:54:01,47.67739097,17.66459547,3.79,111.064,44.186,10.130,287,30,31,,
T,2025-01-23 12:54:02,47.67742059,17.66445541,3.79,110.600,44.186,10.720,285,30,31,,
T,2025-01-23 12:54:03,47.67745125,17.66430567,3.79,109.842,44.186,11.410,283,30,31,,
T,2025-01-23 12:54:04,47.67748096,17.66415041,3.79,108.665,44.185,12.050,282,30,31,,
T,2025-01-23 12:54:05,47.67750299,17.66400118,3.79,107.914,44.185,11.650,280,30,31,,
T,2025-01-23 12:54:06,47.67755312,17.66387475,3.79,108.539,44.185,11.450,281,29,30,,
T,2025-01-23 12:54:07,47.67760500,17.66374550,3.79,110.158,44.185,10.890,280,28,30,,
T,2025-01-23 12:54:08,47.67765208,17.66361537,3.79,110.907,44.185,10.100,279,27,30,,
T,2025-01-23 12:54:09,47.67768773,17.66350530,3.79,111.592,44.185,8.800,276,26,30,,
T,2025-01-23 12:54:10,47.67770719,17.66339567,3.79,111.573,44.185,8.070,272,25,30,,
T,2025-01-23 12:54:11,47.67770845,17.66328856,3.79,112.382,44.185,7.840,263,28,30,,
T,2025-01-23 12:54:12,47.67768370,17.66319483,3.79,112.215,44.185,7.710,251,29,30,,
T,2025-01-23 12:54:13,47.67764131,17.66311352,3.79,111.916,44.185,7.510,244,29,30,,
T,2025-01-23 12:54:14,47.67761383,17.66303608,3.79,111.763,44.185,6.860,244,29,30,,
T,2025-01-23 12:54:15,47.67759586,17.66296641,3.79,111.448,44.185,5.870,248,29,30,,
T,2025-01-23 12:54:16,47.67759479,17.66289094,3.79,112.067,44.185,5.380,252,29,30,,
T,2025-01-23 12:54:17,47.67761438,17.66280408,3.79,111.732,44.185,6.510,283,29,30,,
T,2025-01-23 12:54:18,47.67765258,17.66271772,3.79,111.273,44.185,7.590,303,29,30,,
T,2025-01-23 12:54:19,47.67769393,17.66262565,3.79,111.375,44.185,8.250,302,29,30,,
T,2025-01-23 12:54:20,47.67773807,17.66250937,3.79,111.583,44.185,9.510,300,29,30,,
T,2025-01-23 12:54:21,47.67778291,17.66238117,3.79,111.576,44.185,10.730,299,29,30,,
T,2025-01-23 12:54:22,47.67783741,17.66225365,3.79,112.193,44.185,11.570,301,29,30,,
T,2025-01-23 12:54:23,47.67789708,17.66212338,3.79,112.530,44.185,11.930,304,29,30,,
T,2025-01-23 12:54:24,47.67795673,17.66200335,3.79,113.114,44.184,11.430,305,29,30,,
T,2025-01-23 12:54:25,47.67801457,17.66188660,3.79,113.462,44.184,11.110,305,29,30,,
T,2025-01-23 12:54:26,47.67807116,17.66177440,3.79,113.512,44.184,10.690,306,29,30,,
T,2025-01-23 12:54:27,47.67812410,17.66167012,3.79,113.704,44.184,9.780,306,29,30,,
T,2025-01-23 12:54:28,47.67817241,17.66158842,3.79,113.831,44.184,8.510,308,29,30,,
T,2025-01-23 12:54:29,47.67821041,17.66150754,3.79,113.701,44.184,7.360,307,27,30,,
T,2025-01-23 12:54:30,47.67824355,17.66144171,3.79,114.240,44.184,6.380,308,26,30,,
T,2025-01-23 12:54:31,47.67827712,17.66138148,3.79,114.140,44.184,5.670,309,27,30,,
T,2025-01-23 12:54:32,47.67831191,17.66134300,3.79,112.455,44.184,4.370,310,27,30,,
T,2025-01-23 12:54:33,47.67833671,17.66131862,3.79,112.294,44.184,3.040,311,28,30,,
T,2025-01-23 12:54:34,47.67834867,17.66130349,3.79,111.030,44.183,1.960,311,28,30,,
T,2025-01-23 12:54:35,47.67836234,17.66129213,3.79,111.298,44.183,1.310,312,28,30,,
T,2025-01-23 12:54:36,47.67837600,17.66127811,3.79,111.612,44.183,1.240,312,28,30,,
T,2025-01-23 12:54:37,47.67839323,17.66125162,3.79,111.770,44.183,2.570,312,29,30,,
T,2025-01-23 12:54:38,47.67842223,17.66121015,3.79,111.628,44.183,4.410,314,28,30,,
T,2025-01-23 12:54:39,47.67846390,17.66115499,3.79,111.978,44.183,5.330,316,28,30,,
T,2025-01-23 12:54:40,47.67851193,17.66109246,3.79,111.882,44.183,6.590,318,29,30,,
T,2025-01-23 12:54:41,47.67856909,17.66103336,3.79,111.390,44.183,7.420,320,29,30,,
T,2025-01-23 12:54:42,47.67862669,17.66097816,3.79,111.001,44.183,7.230,323,29,30,,
T,2025-01-23 12:54:43,47.67868584,17.66091938,3.79,111.339,44.183,7.780,326,29,30,,
T,2025-01-23 12:54:44,47.67875030,17.66087587,3.79,111.043,44.183,8.170,330,29,30,,
T,2025-01-23 12:54:45,47.67881921,17.66084129,3.79,111.328,44.182,8.050,333,29,30,,
T,2025-01-23 12:54:46,47.67889162,17.66080964,3.79,111.219,44.182,8.060,336,29,30,,
T,2025-01-23 12:54:47,47.67896063,17.66077137,3.79,111.233,44.182,8.130,335,29,30,,
T,2025-01-23 12:54:48,47.67902068,17.66072246,3.79,110.914,44.182,7.870,331,29,30,,
T,2025-01-23 12:54:49,47.67907192,17.66065629,3.79,110.789,44.182,7.630,327,29,30,,
T,2025-01-23 12:54:50,47.67911000,17.66058727,3.79,110.596,44.182,6.740,323,29,30,,
T,2025-01-23 12:54:51,47.67913581,17.66047805,3.79,110.992,44.182,7.200,318,29,30,,
T,2025-01-23 12:54:52,47.67914387,17.66036663,3.79,110.955,44.182,6.910,314,29,30,,
T,2025-01-23 12:54:53,47.67914215,17.66025942,3.79,111.072,44.182,6.120,310,29,30,,
T,2025-01-23 12:54:54,47.67913727,17.66014456,3.79,110.998,44.182,6.410,312,29,30,,
T,2025-01-23 12:54:55,47.67914791,17.66002599,3.79,110.409,44.182,6.940,316,29,30,,
T,2025-01-23 12:54:56,47.67916743,17.65991237,3.79,110.405,44.182,7.500,319,29,30,,
T,2025-01-23 12:54:57,47.67919458,17.65979607,3.79,110.648,44.181,8.100,321,29,30,,
T,2025-01-23 12:54:58,47.67922487,17.65967058,3.79,110.128,44.181,9.850,295,29,30,,
T,2025-01-23 12:54:59,47.67927022,17.65955894,3.79,109.403,44.181,10.370,300,29,30,,
T,2025-01-23 12:55:00,47.67931752,17.65944036,3.79,109.317,44.181,10.370,301,29,30,,
T,2025-01-23 12:55:01,47.67936759,17.65932083,3.79,109.236,44.181,10.820,303,29,30,,
T,2025-01-23 12:55:02,47.67942454,17.65920530,3.79,109.001,44.181,10.750,305,29,30,,
T,2025-01-23 12:55:03,47.67948243,17.65909730,3.79,109.718,44.181,10.730,308,28,30,,
T,2025-01-23 12:55:04,47.67954491,17.65898641,3.79,109.773,44.181,10.310,310,28,30,,
T,2025-01-23 12:55:05,47.67960813,17.65888467,3.79,109.761,44.181,9.840,312,28,30,,
T,2025-01-23 12:55:06,47.67967420,17.65879234,3.79,109.952,44.180,9.760,315,28,30,,
T,2025-01-23 12:55:07,47.67973911,17.65868949,3.79,109.955,44.180,10.240,316,28,30,,
T,2025-01-23 12:55:08,47.67981175,17.65859003,3.79,109.975,44.180,10.680,317,28,30,,
T,2025-01-23 12:55:09,47.67988904,17.65848843,3.79,110.244,44.180,10.990,319,28,30,,
T,2025-01-23 12:55:10,47.67995637,17.65838823,3.79,109.741,44.180,11.080,320,28,30,,
T,2025-01-23 12:55:11,47.68003253,17.65828542,3.79,110.197,44.180,11.090,321,28,30,,
T,2025-01-23 12:55:12,47.68009871,17.65818821,3.79,110.114,44.179,10.790,321,28,30,,
T,2025-01-23 12:55:13,47.68016714,17.65808974,3.79,110.707,44.179,10.380,321,28,30,,
T,2025-01-23 12:55:14,47.68022869,17.65799097,3.79,110.459,44.179,10.200,320,28,30,,
T,2025-01-23 12:55:15,47.68030065,17.65789078,3.79,110.237,44.179,11.040,320,27,30,,
T,2025-01-23 12:55:16,47.68037592,17.65777924,3.79,110.125,44.179,11.680,320,27,30,,
T,2025-01-23 12:55:17,47.68045243,17.65767585,3.79,110.187,44.179,11.510,319,27,30,,
T,2025-01-23 12:55:18,47.68052831,17.65756898,3.79,110.720,44.178,11.250,319,28,30,,
T,2025-01-23 12:55:19,47.68059853,17.65746690,3.79,110.644,44.178,10.960,319,28,30,,
T,2025-01-23 12:55:20,47.68066992,17.65736204,3.79,110.891,44.178,10.980,318,28,30,,
T,2025-01-23 12:55:21,47.68074496,17.65725495,3.79,111.151,44.178,11.250,317,29,30,,
T,2025-01-23 12:55:22,47.68082102,17.65715520,3.79,111.751,44.178,11.060,318,29,30,,
T,2025-01-23 12:55:23,47.68089271,17.65705364,3.79,111.785,44.178,10.740,317,29,30,,
T,2025-01-23 12:55:24,47.68096555,17.65695317,3.79,111.707,44.177,10.450,317,29,30,,
T,2025-01-23 12:55:25,47.68103682,17.65685491,3.79,111.717,44.177,10.490,317,29,30,,
T,2025-01-23 12:55:26,47.68110554,17.65675909,3.79,111.878,44.177,10.420,317,29,30,,
T,2025-01-23 12:55:27,47.68117216,17.65666151,3.79,112.002,44.177,10.400,317,29,30,,
T,2025-01-23 12:55:28,47.68124090,17.65656248,3.79,112.334,44.177,10.640,317,28,30,,
T,2025-01-23 12:55:29,47.68131331,17.65646460,3.79,112.290,44.177,10.690,318,29,30,,
T,2025-01-23 12:55:30,47.68138195,17.65637167,3.79,112.197,44.176,10.530,317,29,30,,
T,2025-01-23 12:55:31,47.68144769,17.65627345,3.79,111.816,44.176,10.300,317,29,30,,
T,2025-01-23 12:55:32,47.68151481,17.65618295,3.79,111.723,44.176,10.030,317,29,30,,
T,2025-01-23 12:55:33,47.68157655,17.65609018,3.79,111.680,44.176,9.750,316,29,30,,
T,2025-01-23 12:55:34,47.68164268,17.65600176,3.79,111.534,44.176,9.570,316,29,30,,
T,2025-01-23 12:55:35,47.68170356,17.65591839,3.79,111.905,44.176,9.430,316,29,30,,
T,2025-01-23 12:55:36,47.68174447,17.65583746,3.79,110.707,44.176,9.060,316,29,30,,
T,2025-01-23 12:55:37,47.68180473,17.65575442,3.79,110.707,44.175,8.740,316,28,30,,
T,2025-01-23 12:55:38,47.68185440,17.65567211,3.79,110.350,44.175,8.930,318,28,30,,
T,2025-01-23 12:55:39,47.68191525,17.65560906,3.79,109.899,44.175,8.450,320,29,30,,
T,2025-01-23 12:55:40,47.68196310,17.65555948,3.79,109.395,44.175,6.710,322,28,30,,
T,2025-01-23 12:55:41,47.68201791,17.65551838,3.79,108.925,44.175,6.670,327,28,30,,
T,2025-01-23 12:55:42,47.68206553,17.65548516,3.79,109.135,44.175,5.910,332,28,30,,
T,2025-01-23 12:55:43,47.68212475,17.65550485,3.79,109.136,44.175,6.100,339,29,30,,
T,2025-01-23 12:55:44,47.68219399,17.65552146,3.79,109.898,44.174,6.990,1,27,30,,
T,2025-01-23 12:55:45,47.68226594,17.65552222,3.79,109.638,44.174,7.240,336,26,30,,
T,2025-01-23 12:55:46,47.68234413,17.65550468,3.79,110.080,44.174,8.210,335,28,30,,
T,2025-01-23 12:55:47,47.68243456,17.65549174,3.79,111.041,44.174,9.230,338,27,30,,
T,2025-01-23 12:55:48,47.68253029,17.65548733,3.79,110.893,44.174,10.170,340,28,30,,
T,2025-01-23 12:55:49,47.68263412,17.65548706,3.79,111.509,44.173,10.960,342,28,30,,
T,2025-01-23 12:55:50,47.68274098,17.65549387,3.79,111.561,44.173,11.760,344,28,30,,
T,2025-01-23 12:55:51,47.68286551,17.65550974,3.79,111.385,44.173,12.740,344,28,30,,
T,2025-01-23 12:55:52,47.68298891,17.65551729,3.79,111.124,44.173,13.010,345,26,30,,
T,2025-01-23 12:55:53,47.68311544,17.65552975,3.79,111.593,44.172,13.240,347,26,30,,
T,2025-01-23 12:55:54,47.68324587,17.65553684,3.79,112.021,44.172,14.020,349,26,30,,
T,2025-01-23 12:55:55,47.68338291,17.65554433,3.79,112.653,44.172,14.620,353,28,30,,
T,2025-01-23 12:55:56,47.68352105,17.65555792,3.79,112.868,44.171,14.790,358,28,30,,
T,2025-01-23 12:55:57,47.68365420,17.65557170,3.79,113.509,44.171,14.930,1,29,30,,
T,2025-01-23 12:55:58,47.68378725,17.65557908,3.79,113.770,44.171,14.840,2,29,30,,
T,2025-01-23 12:55:59,47.68391795,17.65558939,3.79,114.059,44.170,14.720,3,29,30,,
T,2025-01-23 12:56:00,47.68404986,17.65560324,3.79,112.449,44.170,14.370,3,29,30,,
T,2025-01-23 12:56:01,47.68417787,17.65561409,3.79,113.953,44.170,14.230,5,29,30,,
T,2025-01-23 12:56:02,47.68430141,17.65562222,3.79,114.621,44.169,14.110,5,29,30,,
T,2025-01-23 12:56:03,47.68442385,17.65563149,3.79,115.596,44.169,13.670,5,29,30,,
T,2025-01-23 12:56:04,47.68453609,17.65564525,3.79,115.729,44.169,13.110,6,28,30,,
T,2025-01-23 12:56:05,47.68464609,17.65565431,3.79,116.231,44.169,12.640,6,28,30,,
T,2025-01-23 12:56:06,47.68475721,17.65566505,3.79,116.680,44.168,12.280,8,29,30,,
T,2025-01-23 12:56:07,47.68486214,17.65566969,3.79,116.974,44.168,11.810,9,29,30,,
T,2025-01-23 12:56:08,47.68495508,17.65567914,3.79,116.934,44.168,10.710,11,29,30,,
T,2025-01-23 12:56:09,47.68503792,17.65568705,3.79,116.668,44.168,8.860,10,29,30,,
T,2025-01-23 12:56:10,47.68512033,17.65567718,3.79,116.320,44.168,8.680,7,29,30,,
T,2025-01-23 12:56:11,47.68520165,17.65566716,3.79,116.502,44.167,8.660,3,29,30,,
T,2025-01-23 12:56:12,47.68526763,17.65558981,3.79,115.462,44.167,8.080,357,29,30,,
T,2025-01-23 12:56:13,47.68532989,17.65548695,3.79,114.754,44.167,9.200,351,29,30,,
T,2025-01-23 12:56:14,47.68537794,17.65535611,3.79,114.856,44.167,10.720,301,29,30,,
T,2025-01-23 12:56:15,47.68542056,17.65521224,3.79,114.809,44.167,11.680,295,29,30,,
T,2025-01-23 12:56:16,47.68546546,17.65505698,3.79,114.535,44.167,12.560,293,29,30,,
T,2025-01-23 12:56:17,47.68550617,17.65489124,3.79,113.962,44.167,13.080,290,29,30,,
T,2025-01-23 12:56:18,47.68554300,17.65471869,3.79,113.321,44.167,13.310,288,29,30,,
T,2025-01-23 12:56:19,47.68557586,17.65454517,3.79,112.768,44.166,13.220,286,29,30,,
T,2025-01-23 12:56:20,47.68559940,17.65436777,3.79,111.748,44.166,13.050,283,29,30,,
T,2025-01-23 12:56:21,47.68562174,17.65419698,3.79,111.460,44.166,12.960,281,29,30,,
T,2025-01-23 12:56:22,47.68564254,17.65402532,3.79,111.193,44.166,12.630,279,29,30,,
T,2025-01-23 12:56:23,47.68565615,17.65386660,3.79,111.012,44.166,11.930,276,29,30,,
T,2025-01-23 12:56:24,47.68566120,17.65372080,3.79,110.846,44.166,10.830,273,29,30,,
T,2025-01-23 12:56:25,47.68566546,17.65359220,3.79,110.593,44.166,9.580,271,29,30,,
T,2025-01-23 12:56:26,47.68566655,17.65348169,3.79,110.339,44.166,8.270,270,29,30,,
T,2025-01-23 12:56:27,47.68566662,17.65338640,3.79,109.743,44.166,6.840,268,29,30,,
T,2025-01-23 12:56:28,47.68566648,17.65331196,3.79,109.795,44.166,5.460,267,29,30,,
T,2025-01-23 12:56:29,47.68566519,17.65325217,3.79,109.485,44.166,4.590,266,29,30,,
T,2025-01-23 12:56:30,47.68566773,17.65320811,3.79,108.843,44.166,3.470,265,28,30,,
T,2025-01-23 12:56:31,47.68566955,17.65318267,3.79,108.665,44.166,1.920,264,27,30,,
T,2025-01-23 12:56:32,47.68566709,17.65317790,3.79,108.878,44.166,0.320,262,27,30,,
T,2025-01-23 12:56:33,47.68566704,17.65317885,3.79,109.202,44.166,0.000,,27,30,,
T,2025-01-23 12:56:34,47.68566697,17.65317785,3.79,109.321,44.166,0.000,,28,30,,
T,2025-01-23 12:56:35,47.68566731,17.65317710,3.79,109.430,44.166,0.000,,28,30,,
T,2025-01-23 12:56:36,47.68566668,17.65317707,3.79,109.750,44.166,0.000,,28,30,,
T,2025-01-23 12:56:37,47.68566588,17.65317680,3.79,110.093,44.166,0.000,,28,30,,
T,2025-01-23 12:56:38,47.68566536,17.65317547,3.79,110.009,44.166,0.000,,28,30,,
T,2025-01-23 12:56:39,47.68566470,17.65317390,3.79,109.978,44.166,0.000,,28,30,,
T,2025-01-23 12:56:40,47.68566403,17.65317188,3.79,109.995,44.166,0.000,,28,30,,
T,2025-01-23 12:56:41,47.68566369,17.65316944,3.79,109.876,44.166,0.000,,28,30,,
T,2025-01-23 12:56:42,47.68566330,17.65316838,3.79,109.855,44.166,0.000,,27,30,,
T,2025-01-23 12:56:43,47.68566216,17.65316703,3.79,109.865,44.166,0.000,,27,30,,
T,2025-01-23 12:56:44,47.68566165,17.65316628,3.79,109.963,44.166,0.000,,28,30,,
T,2025-01-23 12:56:45,47.68566139,17.65316586,3.79,110.012,44.166,0.000,,28,30,,
T,2025-01-23 12:56:46,47.68566138,17.65316564,3.79,110.042,44.166,0.000,,28,30,,
T,2025-01-23 12:56:47,47.68566137,17.65316548,3.79,110.049,44.166,0.000,,28,30,,
T,2025-01-23 12:56:48,47.68566137,17.65316538,3.79,110.048,44.166,0.000,,28,30,,
T,2025-01-23 12:56:49,47.68566138,17.65316534,3.79,110.050,44.166,0.000,,28,30,,
T,2025-01-23 12:56:50,47.68566138,17.65316532,3.79,110.051,44.166,0.000,,28,30,,
T,2025-01-23 12:56:51,47.68566139,17.65316530,3.79,110.053,44.166,0.000,,28,30,,
T,2025-01-23 12:56:52,47.68566139,17.65316528,3.79,110.052,44.166,0.000,,28,30,,
T,2025-01-23 12:56:53,47.68566138,17.65316526,3.79,110.054,44.166,0.000,,28,30,,
T,2025-01-23 12:56:54,47.68566139,17.65316524,3.79,110.054,44.166,0.000,,28,30,,
T,2025-01-23 12:56:55,47.68566140,17.65316524,3.79,110.057,44.166,0.000,,28,30,,
T,2025-01-23 12:56:56,47.68566162,17.65316245,3.79,109.739,44.166,0.250,265,28,30,,
T,2025-01-23 12:56:57,47.68566124,17.65315252,3.79,109.913,44.166,0.780,265,28,30,,
T,2025-01-23 12:56:58,47.68566031,17.65312352,3.79,109.741,44.166,2.190,266,28,30,,
T,2025-01-23 12:56:59,47.68565940,17.65307430,3.79,109.488,44.166,3.810,267,28,30,,
T,2025-01-23 12:57:00,47.68566007,17.65300947,3.79,109.234,44.166,4.880,269,28,30,,
T,2025-01-23 12:57:01,47.68566215,17.65293038,3.79,108.659,44.166,5.810,268,28,30,,
T,2025-01-23 12:57:02,47.68566482,17.65284427,3.79,108.071,44.166,6.540,269,28,30,,
T,2025-01-23 12:57:03,47.68566392,17.65275248,3.79,107.806,44.166,7.170,269,28,30,,
T,2025-01-23 12:57:04,47.68566359,17.65263363,3.79,107.540,44.166,8.790,269,29,30,,
T,2025-01-23 12:57:05,47.68566047,17.65250081,3.79,107.249,44.166,9.800,270,29,30,,
T,2025-01-23 12:57:06,47.68565860,17.65236447,3.79,106.937,44.166,10.110,270,29,30,,
T,2025-01-23 12:57:07,47.68565820,17.65222590,3.79,106.892,44.166,10.610,269,29,30,,
T,2025-01-23 12:57:08,47.68565638,17.65207499,3.79,107.042,44.166,11.150,270,28,30,,
T,2025-01-23 12:57:09,47.68565880,17.65191897,3.81,107.371,44.166,11.720,270,28,30,,
T,2025-01-23 12:57:10,47.68566238,17.65175837,3.82,107.486,44.166,12.370,271,25,30,,
T,2025-01-23 12:57:11,47.68566910,17.65158891,3.86,107.582,44.166,13.110,271,25,30,,
T,2025-01-23 12:57:12,47.68568479,17.65140697,3.82,107.311,44.166,13.770,277,26,30,,
T,2025-01-23 12:57:13,47.68570569,17.65122325,3.82,107.324,44.166,14.210,279,28,30,,
T,2025-01-23 12:57:14,47.68573485,17.65103698,3.82,107.374,44.166,14.600,283,28,30,,
T,2025-01-23 12:57:15,47.68577353,17.65085417,3.87,107.404,44.166,14.530,280,29,30,,
T,2025-01-23 12:57:16,47.68581772,17.65066851,3.82,107.583,44.166,14.410,290,27,30,,
T,2025-01-23 12:57:17,47.68586823,17.65049638,3.82,107.510,44.166,14.300,293,27,30,,
T,2025-01-23 12:57:18,47.68592471,17.65033164,3.92,107.641,44.166,13.950,287,28,30,,
T,2025-01-23 12:57:19,47.68598657,17.65017809,3.83,107.542,44.166,13.380,300,27,30,,
T,2025-01-23 12:57:20,47.68604884,17.65002621,3.90,107.364,44.165,13.170,292,26,30,,
T,2025-01-23 12:57:21,47.68611438,17.64987701,3.83,107.231,44.165,13.040,302,25,30,,
T,2025-01-23 12:57:22,47.68617867,17.64973051,3.88,107.345,44.165,13.120,296,25,30,,
T,2025-01-23 12:57:23,47.68624394,17.64958415,3.82,107.143,44.165,13.120,303,26,30,,
T,2025-01-23 12:57:24,47.68631132,17.64943445,3.83,107.009,44.165,13.070,304,27,30,,
T,2025-01-23 12:57:25,47.68637787,17.64929005,3.89,106.998,44.165,13.190,301,28,30,,
T,2025-01-23 12:57:26,47.68644470,17.64914140,3.83,107.218,44.165,13.600,303,24,30,,
T,2025-01-23 12:57:27,47.68651473,17.64898903,3.82,107.160,44.164,13.980,303,25,30,,
T,2025-01-23 12:57:28,47.68658550,17.64883423,3.82,106.761,44.164,14.290,304,26,30,,
T,2025-01-23 12:57:29,47.68666047,17.64867346,3.93,106.425,44.164,14.240,306,27,30,,
T,2025-01-23 12:57:30,47.68673227,17.64851589,3.83,106.641,44.164,14.290,304,25,30,,
T,2025-01-23 12:57:31,47.68680284,17.64836408,3.89,106.461,44.164,13.740,307,26,30,,
T,2025-01-23 12:57:32,47.68686752,17.64822100,3.92,106.642,44.164,12.130,308,27,30,,
T,2025-01-23 12:57:33,47.68692310,17.64809653,3.92,106.731,44.163,10.900,308,25,30,,
T,2025-01-23 12:57:34,47.68697169,17.64798370,3.84,106.878,44.163,9.880,303,23,30,,
T,2025-01-23 12:57:35,47.68701994,17.64787469,3.89,106.770,44.163,9.970,308,24,30,,
T,2025-01-23 12:57:36,47.68707401,17.64775394,3.88,106.693,44.163,11.410,308,21,30,,
T,2025-01-23 12:57:37,47.68713325,17.64762034,3.85,106.584,44.163,11.980,304,25,30,,
T,2025-01-23 12:57:38,47.68718950,17.64749432,3.89,106.727,44.163,11.750,308,24,30,,
T,2025-01-23 12:57:39,47.68724708,17.64736537,3.89,106.736,44.163,11.530,309,23,30,,
T,2025-01-23 12:57:40,47.68730508,17.64723169,3.93,106.916,44.163,11.380,309,25,30,,
T,2025-01-23 12:57:41,47.68736014,17.64710752,3.85,106.995,44.162,11.120,304,24,30,,
T,2025-01-23 12:57:42,47.68741435,17.64699254,3.82,106.779,44.162,10.790,304,23,30,,
T,2025-01-23 12:57:43,47.68746749,17.64687616,3.82,106.697,44.162,10.430,304,26,30,,
T,2025-01-23 12:57:44,47.68751952,17.64675909,3.88,106.744,44.162,10.390,306,25,30,,
T,2025-01-23 12:57:45,47.68757287,17.64664294,3.82,106.644,44.162,10.650,303,25,30,,
T,2025-01-23 12:57:46,47.68762595,17.64652402,3.82,106.609,44.162,10.760,303,25,30,,
T,2025-01-23 12:57:47,47.68767860,17.64640472,3.82,106.566,44.162,10.720,304,25,30,,
T,2025-01-23 12:57:48,47.68773391,17.64628244,3.83,106.575,44.162,10.660,304,27,30,,
T,2025-01-23 12:57:49,47.68778507,17.64616940,3.88,106.658,44.161,10.330,304,24,30,,
T,2025-01-23 12:57:50,47.68783574,17.64605816,3.93,106.749,44.161,9.980,304,27,30,,
T,2025-01-23 12:57:51,47.68788608,17.64594520,3.93,106.802,44.161,10.270,304,21,30,,
T,2025-01-23 12:57:52,47.68793470,17.64582417,3.90,106.790,44.161,10.730,303,19,30,,
T,2025-01-23 12:57:53,47.68798544,17.64569890,3.82,106.889,44.161,11.050,301,21,30,,
T,2025-01-23 12:57:54,47.68803892,17.64557150,3.84,107.152,44.161,11.400,302,24,30,,
T,2025-01-23 12:57:55,47.68809772,17.64544414,3.84,107.355,44.161,11.520,303,27,30,,
T,2025-01-23 12:57:56,47.68816147,17.64532410,3.92,107.501,44.161,11.000,305,26,30,,
T,2025-01-23 12:57:57,47.68822525,17.64521993,3.94,107.672,44.160,10.280,307,27,30,,
T,2025-01-23 12:57:58,47.68828943,17.64512957,3.83,107.729,44.160,9.690,316,25,30,,
T,2025-01-23 12:57:59,47.68835220,17.64505093,3.82,107.887,44.160,9.240,320,27,30,,
T,2025-01-23 12:58:00,47.68842268,17.64499279,3.92,108.104,44.160,8.830,335,27,30,,
T,2025-01-23 12:58:01,47.68849812,17.64495731,3.90,108.223,44.160,8.380,347,27,30,,
T,2025-01-23 12:58:02,47.68856717,17.64493604,3.82,108.401,44.160,7.850,353,25,30,,
T,2025-01-23 12:58:03,47.68863691,17.64490842,3.87,108.580,44.159,8.000,346,24,30,,
T,2025-01-23 12:58:04,47.68870330,17.64486024,3.93,108.713,44.159,8.100,334,26,30,,
T,2025-01-23 12:58:05,47.68876738,17.64478923,3.82,108.768,44.159,8.500,321,28,30,,
T,2025-01-23 12:58:06,47.68881690,17.64469660,3.83,109.199,44.159,8.910,307,28,30,,
T,2025-01-23 12:58:07,47.68884802,17.64458157,3.83,109.186,44.159,9.730,292,27,30,,
T,2025-01-23 12:58:08,47.68887221,17.64444637,3.82,109.428,44.159,10.690,283,26,30,,
T,2025-01-23 12:58:09,47.68889823,17.64430383,3.83,109.626,44.159,10.840,285,23,30,,
T,2025-01-23 12:58:10,47.68892918,17.64417413,3.82,109.513,44.159,10.750,292,24,30,,
T,2025-01-23 12:58:11,47.68897108,17.64404763,3.82,109.593,44.159,10.560,299,25,30,,
T,2025-01-23 12:58:12,47.68902596,17.64392837,3.84,109.484,44.159,10.340,306,24,30,,
T,2025-01-23 12:58:13,47.68908385,17.64382893,3.89,109.705,44.158,10.200,312,26,30,,
T,2025-01-23 12:58:14,47.68915368,17.64373491,3.87,109.765,44.158,10.480,319,23,30,,
T,2025-01-23 12:58:15,47.68922753,17.64365464,3.87,109.854,44.158,10.210,326,25,30,,
T,2025-01-23 12:58:16,47.68930466,17.64357730,3.81,109.663,44.158,10.420,328,27,30,,
T,2025-01-23 12:58:17,47.68938922,17.64349804,3.86,109.699,44.158,11.500,328,26,30,,
T,2025-01-23 12:58:18,47.68948461,17.64340907,3.83,109.793,44.157,12.960,328,26,30,,
T,2025-01-23 12:58:19,47.68958665,17.64332081,3.82,109.710,44.157,13.430,330,25,30,,
T,2025-01-23 12:58:20,47.68969543,17.64322843,3.90,109.765,44.157,13.730,331,24,30,,
T,2025-01-23 12:58:21,47.68980432,17.64313910,3.82,109.854,44.157,14.080,331,23,30,,
T,2025-01-23 12:58:22,47.68991879,17.64305237,3.82,109.834,44.156,14.440,332,22,30,,
T,2025-01-23 12:58:23,47.69003683,17.64296250,3.91,109.884,44.156,15.010,333,22,30,,
T,2025-01-23 12:58:24,47.69016140,17.64286567,3.82,110.301,44.156,15.730,333,21,30,,
T,2025-01-23 12:58:25,47.69029276,17.64276363,3.82,110.727,44.156,16.280,332,25,30,,
T,2025-01-23 12:58:26,47.69042047,17.64266175,3.82,111.200,44.155,16.070,331,24,30,,
T,2025-01-23 12:58:27,47.69054990,17.64255818,3.82,111.771,44.155,16.390,332,26,30,,
T,2025-01-23 12:58:28,47.69068590,17.64244768,3.83,112.444,44.155,16.890,331,26,30,,
T,2025-01-23 12:58:29,47.69082043,17.64233637,3.82,113.127,44.154,17.270,330,26,30,,
T,2025-01-23 12:58:30,47.69095444,17.64222285,3.82,113.573,44.154,17.540,329,26,29,,
T,2025-01-23 12:58:31,47.69109024,17.64210564,3.82,114.131,44.154,17.510,329,26,29,,
T,2025-01-23 12:58:32,47.69122580,17.64199125,3.82,114.844,44.153,17.320,330,26,29,,
T,2025-01-23 12:58:33,47.69136611,17.64187517,3.82,115.395,44.153,17.330,331,25,29,,
T,2025-01-23 12:58:34,47.69150107,17.64176681,3.82,116.003,44.153,17.380,331,24,29,,
T,2025-01-23 12:58:35,47.69163912,17.64165708,3.82,116.495,44.152,17.500,331,25,29,,
T,2025-01-23 12:58:36,47.69178267,17.64154198,3.82,116.878,44.152,17.670,331,25,29,,
T,2025-01-23 12:58:37,47.69192286,17.64142874,3.82,117.665,44.152,17.800,331,24,29,,
T,2025-01-23 12:58:38,47.69206276,17.64131524,3.83,118.060,44.151,17.860,331,26,29,,
T,2025-01-23 12:58:39,47.69220205,17.64120281,3.82,118.384,44.151,17.940,331,23,29,,
T,2025-01-23 12:58:40,47.69234358,17.64108844,3.82,118.901,44.151,18.000,331,24,29,,
T,2025-01-23 12:58:41,47.69249101,17.64097060,3.82,119.110,44.150,18.140,332,24,29,,
T,2025-01-23 12:58:42,47.69262872,17.64085992,3.82,119.354,44.150,18.060,332,23,29,,
T,2025-01-23 12:58:43,47.69277276,17.64074540,3.82,119.644,44.150,18.020,332,23,29,,
T,2025-01-23 12:58:44,47.69291935,17.64062828,3.83,119.854,44.149,17.860,332,24,29,,
T,2025-01-23 12:58:45,47.69305924,17.64051530,3.83,120.036,44.149,17.760,331,22,29,,
T,2025-01-23 12:58:46,47.69319577,17.64040535,3.82,120.136,44.149,17.870,331,26,29,,
T,2025-01-23 12:58:47,47.69333672,17.64029081,3.81,120.456,44.148,17.980,331,28,29,,
T,2025-01-23 12:58:48,47.69348155,17.64017417,3.81,120.438,44.148,18.100,332,25,29,,
T,2025-01-23 12:58:49,47.69362291,17.64006019,3.81,120.339,44.148,18.080,332,25,29,,
T,2025-01-23 12:58:50,47.69376489,17.63994600,3.82,120.499,44.147,17.980,332,27,29,,
T,2025-01-23 12:58:51,47.69390624,17.63983164,3.82,120.515,44.147,17.930,331,27,29,,
T,2025-01-23 12:58:52,47.69405078,17.63971391,3.83,120.576,44.147,17.830,331,25,29,,
T,2025-01-23 12:58:53,47.69418880,17.63960106,3.81,120.534,44.146,17.720,331,25,29,,
T,2025-01-23 12:58:54,47.69432916,17.63948797,3.81,120.506,44.146,17.840,331,26,29,,
T,2025-01-23 12:58:55,47.69447000,17.63937465,3.82,120.626,44.146,17.900,332,27,29,,
T,2025-01-23 12:58:56,47.69461022,17.63926155,3.82,120.460,44.145,17.830,331,26,29,,
T,2025-01-23 12:58:57,47.69475177,17.63914783,3.82,120.422,44.145,17.550,332,26,29,,
T,2025-01-23 12:58:58,47.69488825,17.63903863,3.85,119.946,44.145,17.370,332,26,29,,
T,2025-01-23 12:58:59,47.69502358,17.63893182,3.82,119.702,44.144,17.050,332,27,29,,
T,2025-01-23 12:59:00,47.69516019,17.63882245,3.83,119.501,44.144,16.730,332,26,29,,
T,2025-01-23 12:59:01,47.69529147,17.63871869,3.83,119.113,44.144,16.530,332,26,29,,
T,2025-01-23 12:59:02,47.69541945,17.63861933,3.83,118.762,44.144,16.250,332,26,29,,
T,2025-01-23 12:59:03,47.69554508,17.63852320,3.83,118.424,44.143,15.730,333,26,29,,
T,2025-01-23 12:59:04,47.69566644,17.63843097,3.82,118.213,44.143,15.090,333,26,29,,
T,2025-01-23 12:59:05,47.69578761,17.63834359,3.83,117.714,44.143,14.460,334,24,29,,
T,2025-01-23 12:59:06,47.69589811,17.63826381,3.81,117.370,44.142,13.630,334,25,29,,
T,2025-01-23 12:59:07,47.69600668,17.63818712,3.82,116.941,44.142,13.280,334,25,29,,
T,2025-01-23 12:59:08,47.69611245,17.63811361,3.83,116.552,44.142,12.430,335,26,29,,
T,2025-01-23 12:59:09,47.69620389,17.63805143,3.83,115.899,44.142,10.920,335,23,29,,
T,2025-01-23 12:59:10,47.69628156,17.63799849,3.82,115.673,44.141,9.200,335,26,29,,
T,2025-01-23 12:59:11,47.69634635,17.63795599,3.81,115.486,44.141,7.600,335,25,29,,
T,2025-01-23 12:59:12,47.69640051,17.63792040,3.81,115.031,44.141,6.240,335,24,29,,
T,2025-01-23 12:59:13,47.69644130,17.63789396,3.83,114.959,44.141,4.360,335,25,29,,
T,2025-01-23 12:59:14,47.69646980,17.63787539,3.80,114.829,44.141,3.350,335,26,29,,
T,2025-01-23 12:59:15,47.69650238,17.63785538,3.80,114.610,44.141,4.320,335,26,29,,
T,2025-01-23 12:59:16,47.69655148,17.63782301,3.81,114.387,44.141,6.510,335,25,29,,
T,2025-01-23 12:59:17,47.69661216,17.63778082,3.81,114.175,44.141,8.020,333,25,29,,
T,2025-01-23 12:59:18,47.69667941,17.63772848,3.81,113.977,44.141,9.040,331,25,29,,
T,2025-01-23 12:59:19,47.69675269,17.63766909,3.80,113.810,44.140,9.090,330,27,29,,
T,2025-01-23 12:59:20,47.69682012,17.63761724,3.81,113.631,44.140,8.130,332,26,29,,
T,2025-01-23 12:59:21,47.69688069,17.63757566,3.80,113.460,44.140,7.010,334,25,29,,
T,2025-01-23 12:59:22,47.69693606,17.63753891,3.81,113.271,44.140,6.460,336,24,29,,
T,2025-01-23 12:59:23,47.69698545,17.63750792,3.81,113.048,44.140,5.840,337,28,29,,
T,2025-01-23 12:59:24,47.69703125,17.63748014,3.81,113.014,44.140,5.140,337,27,29,,
T,2025-01-23 12:59:25,47.69706882,17.63745664,3.81,112.664,44.140,4.160,338,25,29,,
T,2025-01-23 12:59:26,47.69709786,17.63743855,3.81,112.347,44.140,3.110,337,26,29,,
T,2025-01-23 12:59:27,47.69711813,17.63742742,3.81,112.437,44.140,2.070,337,25,29,,
T,2025-01-23 12:59:28,47.69712821,17.63742195,3.80,112.127,44.139,0.590,337,27,29,,
T,2025-01-23 12:59:29,47.69713087,17.63742063,3.81,112.162,44.139,0.000,,26,29,,
T,2025-01-23 12:59:30,47.69713818,17.63741607,3.81,112.069,44.139,1.500,337,26,29,,
T,2025-01-23 12:59:31,47.69716476,17.63740075,3.84,111.815,44.139,4.160,338,26,29,,
T,2025-01-23 12:59:32,47.69720691,17.63737714,3.81,111.887,44.139,5.700,338,26,29,,
T,2025-01-23 12:59:33,47.69725233,17.63734916,3.81,111.686,44.139,5.600,337,25,29,,
T,2025-01-23 12:59:34,47.69729285,17.63731382,3.81,111.434,44.139,5.340,329,27,29,,
T,2025-01-23 12:59:35,47.69732636,17.63726084,3.80,111.146,44.139,5.420,311,28,29,,
T,2025-01-23 12:59:36,47.69734123,17.63719435,3.83,110.771,44.139,5.630,286,27,29,,
T,2025-01-23 12:59:37,47.69733314,17.63711204,3.80,110.611,44.139,6.570,258,27,29,,
T,2025-01-23 12:59:38,47.69730559,17.63702726,3.84,110.731,44.139,7.450,241,28,29,,
T,2025-01-23 12:59:39,47.69726511,17.63693711,3.83,110.537,44.139,8.550,236,27,29,,
T,2025-01-23 12:59:40,47.69721868,17.63683175,3.81,110.307,44.139,9.700,236,26,29,,
T,2025-01-23 12:59:41,47.69716872,17.63672090,3.85,110.175,44.139,10.170,236,24,29,,
T,2025-01-23 12:59:42,47.69712071,17.63660822,3.81,109.833,44.140,10.340,237,23,29,,
T,2025-01-23 12:59:43,47.69706943,17.63649198,3.81,109.676,44.140,10.450,237,21,29,,
T,2025-01-23 12:59:44,47.69701922,17.63637557,3.80,109.404,44.140,10.270,238,20,29,,
T,2025-01-23 12:59:45,47.69697103,17.63625981,3.80,109.096,44.140,10.130,238,21,29,,
T,2025-01-23 12:59:46,47.69692213,17.63614230,3.80,108.961,44.140,10.290,239,23,29,,
T,2025-01-23 12:59:47,47.69687045,17.63602723,3.80,108.844,44.140,10.440,236,22,29,,
T,2025-01-23 12:59:48,47.69681283,17.63591862,3.80,108.703,44.140,10.370,231,22,29,,
T,2025-01-23 12:59:49,47.69674946,17.63581776,3.80,108.449,44.140,10.370,226,24,29,,
T,2025-01-23 12:59:50,47.69668188,17.63571960,3.80,108.337,44.141,10.400,224,25,29,,
T,2025-01-23 12:59:51,47.69661114,17.63562584,3.80,108.047,44.141,10.730,221,23,29,,
T,2025-01-23 12:59:52,47.69653882,17.63553623,3.81,107.875,44.141,11.030,220,21,29,,
T,2025-01-23 12:59:53,47.69646080,17.63544326,3.80,107.828,44.141,10.800,219,24,29,,
T,2025-01-23 12:59:54,47.69638561,17.63535596,3.80,108.027,44.141,10.530,219,23,29,,
T,2025-01-23 12:59:55,47.69631341,17.63527049,3.80,107.945,44.141,10.520,219,23,29,,
T,2025-01-23 12:59:56,47.69623607,17.63517887,3.80,107.830,44.142,10.840,219,23,29,,
T,2025-01-23 12:59:57,47.69616090,17.63508535,3.80,107.916,44.142,11.100,220,23,29,,
T,2025-01-23 12:59:58,47.69608494,17.63498478,3.80,107.790,44.142,11.530,222,25,29,,
T,2025-01-23 12:59:59,47.69601054,17.63487440,3.80,107.639,44.142,11.910,227,24,29,,
T,2025-01-23 13:00:00,47.69593993,17.63475404,3.80,107.464,44.142,12.260,232,22,29,,
T,2025-01-23 13:00:01,47.69587226,17.63461766,3.80,107.339,44.143,12.460,236,24,29,,
T,2025-01-23 13:00:02,47.69581143,17.63447829,3.80,107.446,44.143,12.610,239,27,29,,
T,2025-01-23 13:00:03,47.69575299,17.63433286,3.80,107.365,44.143,12.710,241,25,29,,
T,2025-01-23 13:00:04,47.69569802,17.63418110,3.81,107.477,44.143,12.680,243,27,29,,
T,2025-01-23 13:00:05,47.69564606,17.63403282,3.80,107.639,44.143,12.530,243,24,29,,
T,2025-01-23 13:00:06,47.69559252,17.63387963,3.83,107.452,44.143,13.010,244,24,29,,
T,2025-01-23 13:00:07,47.69554002,17.63372543,3.81,107.210,44.143,13.050,244,24,29,,
T,2025-01-23 13:00:08,47.69549061,17.63357003,3.86,107.040,44.143,12.920,245,21,29,,
T,2025-01-23 13:00:09,47.69543957,17.63341489,3.83,107.133,44.144,12.820,245,22,29,,
T,2025-01-23 13:00:10,47.69539040,17.63326277,3.81,107.028,44.144,12.770,245,23,29,,
T,2025-01-23 13:00:11,47.69534074,17.63310917,3.81,107.073,44.144,12.840,245,24,29,,
T,2025-01-23 13:00:12,47.69529097,17.63294931,3.84,107.061,44.144,12.840,245,21,29,,
T,2025-01-23 13:00:13,47.69524273,17.63279782,3.82,107.037,44.144,12.780,245,22,29,,
T,2025-01-23 13:00:14,47.69519279,17.63264407,3.80,106.706,44.144,12.770,245,24,29,,
T,2025-01-23 13:00:15,47.69514448,17.63249019,3.80,106.770,44.144,12.750,245,20,29,,
T,2025-01-23 13:00:16,47.69509580,17.63233726,3.80,106.822,44.144,12.740,245,17,29,,
T,2025-01-23 13:00:17,47.69504708,17.63218454,3.80,106.763,44.145,12.750,245,18,29,,
T,2025-01-23 13:00:18,47.69499727,17.63202845,3.80,106.726,44.145,12.770,245,18,29,,
T,2025-01-23 13:00:19,47.69494828,17.63187575,3.80,106.668,44.145,12.780,245,18,29,,
T,2025-01-23 13:00:20,47.69489715,17.63171833,3.81,106.411,44.145,12.810,245,21,29,,
T,2025-01-23 13:00:21,47.69484908,17.63157106,3.80,106.322,44.145,12.700,245,21,29,,
T,2025-01-23 13:00:22,47.69479943,17.63141646,3.80,106.306,44.145,12.610,245,20,29,,
T,2025-01-23 13:00:23,47.69475103,17.63126812,3.80,106.416,44.145,12.270,245,21,29,,
T,2025-01-23 13:00:24,47.69471070,17.63113783,3.80,106.413,44.145,10.520,245,22,29,,
T,2025-01-23 13:00:25,47.69467390,17.63102026,3.80,106.504,44.145,8.630,245,22,29,,
T,2025-01-23 13:00:26,47.69464658,17.63093193,3.80,106.545,44.146,6.570,244,24,29,,
T,2025-01-23 13:00:27,47.69462530,17.63086704,3.80,106.572,44.146,4.600,243,22,29,,
T,2025-01-23 13:00:28,47.69460870,17.63081652,3.80,106.682,44.146,3.670,243,22,29,,
T,2025-01-23 13:00:29,47.69459495,17.63077850,3.80,106.689,44.146,3.040,243,21,29,,
T,2025-01-23 13:00:30,47.69458400,17.63074671,3.80,106.673,44.146,2.420,242,22,29,,
T,2025-01-23 13:00:31,47.69457504,17.63071926,3.81,106.208,44.146,2.270,242,19,29,,
T,2025-01-23 13:00:32,47.69456311,17.63068875,3.80,106.497,44.146,3.160,240,17,29,,
T,2025-01-23 13:00:33,47.69454359,17.63063976,3.80,106.315,44.146,4.970,240,21,29,,
T,2025-01-23 13:00:34,47.69451789,17.63057160,3.80,106.327,44.146,6.400,241,21,29,,
T,2025-01-23 13:00:35,47.69449201,17.63049057,3.80,106.323,44.146,6.980,245,20,29,,
T,2025-01-23 13:00:36,47.69447330,17.63040166,3.83,106.253,44.146,6.860,255,21,29,,
T,2025-01-23 13:00:37,47.69447205,17.63031252,3.80,105.614,44.146,6.490,271,24,29,,
T,2025-01-23 13:00:38,47.69448620,17.63023413,3.80,105.232,44.146,5.970,288,24,29,,
T,2025-01-23 13:00:39,47.69451110,17.63016738,3.80,105.426,44.146,5.620,301,26,29,,
T,2025-01-23 13:00:40,47.69454713,17.63011237,3.80,105.757,44.146,5.930,317,27,29,,
T,2025-01-23 13:00:41,47.69459656,17.63006644,3.81,106.177,44.146,6.800,332,27,29,,
T,2025-01-23 13:00:42,47.69465909,17.63004310,3.82,106.166,44.145,7.600,351,26,29,,
T,2025-01-23 13:00:43,47.69473122,17.63004547,3.80,106.420,44.145,8.370,6,26,29,,
T,2025-01-23 13:00:44,47.69481085,17.63005773,3.80,106.648,44.145,8.790,8,23,29,,
T,2025-01-23 13:00:45,47.69488919,17.63007016,3.80,106.623,44.145,8.920,6,23,29,,
T,2025-01-23 13:00:46,47.69496688,17.63007801,3.80,106.515,44.145,8.610,3,22,29,,
T,2025-01-23 13:00:47,47.69504467,17.63008054,3.80,106.642,44.145,8.860,1,22,29,,
T,2025-01-23 13:00:48,47.69512590,17.63007541,3.80,106.717,44.144,9.140,357,22,29,,
T,2025-01-23 13:00:49,47.69520614,17.63006420,3.80,106.653,44.144,8.750,354,20,29,,
T,2025-01-23 13:00:50,47.69527106,17.63005312,3.81,107.027,44.144,6.450,352,23,29,,
T,2025-01-23 13:00:51,47.69532617,17.63004008,3.80,106.783,44.144,5.950,350,28,29,,
T,2025-01-23 13:00:52,47.69538231,17.63002246,3.80,106.977,44.144,6.390,348,26,29,,
T,2025-01-23 13:00:53,47.69544022,17.63000340,3.80,107.027,44.144,7.280,347,23,29,,
T,2025-01-23 13:00:54,47.69550707,17.62997888,3.80,107.056,44.143,7.670,346,24,29,,
T,2025-01-23 13:00:55,47.69556258,17.62995283,3.80,107.111,44.143,5.840,342,23,29,,
T,2025-01-23 13:00:56,47.69560551,17.62991471,3.79,106.743,44.143,5.410,325,24,29,,
T,2025-01-23 13:00:57,47.69563711,17.62984648,3.82,106.639,44.143,6.320,300,26,29,,
T,2025-01-23 13:00:58,47.69564450,17.62975820,3.82,106.556,44.143,7.080,273,25,29,,
T,2025-01-23 13:00:59,47.69563204,17.62966207,3.80,106.793,44.143,7.840,256,25,29,,
T,2025-01-23 13:01:00,47.69560749,17.62955315,3.82,106.994,44.143,8.760,251,22,29,,
T,2025-01-23 13:01:01,47.69558171,17.62943822,3.84,106.998,44.143,9.350,251,22,29,,
T,2025-01-23 13:01:02,47.69556142,17.62931805,3.80,107.037,44.143,9.380,254,18,29,,
T,2025-01-23 13:01:03,47.69554718,17.62919865,3.80,107.137,44.143,9.240,261,16,29,,
T,2025-01-23 13:01:04,47.69554335,17.62907781,3.80,106.986,44.143,9.100,270,18,29,,
T,2025-01-23 13:01:05,47.69555054,17.62895353,3.80,106.670,44.143,9.050,277,20,29,,
T,2025-01-23 13:01:06,47.69556180,17.62883290,3.81,106.623,44.143,9.320,279,19,29,,
T,2025-01-23 13:01:07,47.69557431,17.62871204,3.80,106.837,44.143,9.190,278,21,29,,
T,2025-01-23 13:01:08,47.69558375,17.62859161,3.80,107.107,44.143,8.770,276,22,29,,
T,2025-01-23 13:01:09,47.69558596,17.62847971,3.80,107.334,44.143,8.220,271,23,29,,
T,2025-01-23 13:01:10,47.69557977,17.62837458,3.80,107.578,44.143,7.770,264,24,29,,
T,2025-01-23 13:01:11,47.69556716,17.62827657,3.80,107.474,44.143,7.520,257,25,29,,
T,2025-01-23 13:01:12,47.69554728,17.62818649,3.80,107.734,44.143,6.920,250,24,29,,
T,2025-01-23 13:01:13,47.69552562,17.62811504,3.80,107.892,44.143,5.020,244,25,29,,
T,2025-01-23 13:01:14,47.69550461,17.62806404,3.82,107.728,44.144,4.140,234,24,29,,
T,2025-01-23 13:01:15,47.69547610,17.62802632,3.83,107.801,44.144,4.590,217,23,29,,
T,2025-01-23 13:01:16,47.69543574,17.62800730,3.84,107.995,44.144,4.960,195,21,29,,
T,2025-01-23 13:01:17,47.69538909,17.62800255,3.80,107.926,44.144,4.970,182,23,29,,
T,2025-01-23 13:01:18,47.69535118,17.62800552,3.82,107.786,44.144,3.940,175,22,29,,
T,2025-01-23 13:01:19,47.69532225,17.62800792,3.82,107.870,44.144,2.480,175,22,29,,
T,2025-01-23 13:01:20,47.69530695,17.62800923,3.82,107.880,44.144,1.310,175,20,29,,
T,2025-01-23 13:01:21,47.69529982,17.62800898,3.84,108.053,44.144,0.430,176,21,29,,
T,2025-01-23 13:01:22,47.69529586,17.62800940,3.80,108.498,44.144,0.700,176,20,29,,
T,2025-01-23 13:01:23,47.69528136,17.62801128,3.84,108.638,44.144,2.260,177,23,29,,
T,2025-01-23 13:01:24,47.69525165,17.62801332,3.81,108.807,44.144,4.020,180,25,29,,
T,2025-01-23 13:01:25,47.69520579,17.62801678,3.83,108.909,44.144,5.810,180,24,29,,
T,2025-01-23 13:01:26,47.69514781,17.62801894,3.83,108.826,44.144,6.860,179,19,29,,
T,2025-01-23 13:01:27,47.69508245,17.62802329,3.80,108.815,44.145,7.680,175,18,29,,
T,2025-01-23 13:01:28,47.69501509,17.62803412,3.80,108.361,44.145,7.730,170,20,29,,
T,2025-01-23 13:01:29,47.69494186,17.62805871,3.80,109.034,44.145,7.930,165,21,29,,
T,2025-01-23 13:01:30,47.69487115,17.62808763,3.80,108.691,44.145,7.950,163,18,29,,
T,2025-01-23 13:01:31,47.69480470,17.62811255,3.80,108.324,44.145,7.890,166,18,29,,
T,2025-01-23 13:01:32,47.69473187,17.62813393,3.80,108.790,44.145,8.050,169,18,29,,
T,2025-01-23 13:01:33,47.69466087,17.62814865,3.80,109.211,44.146,8.030,173,19,29,,
T,2025-01-23 13:01:34,47.69458918,17.62815828,3.83,109.401,44.146,7.950,175,20,29,,
T,2025-01-23 13:01:35,47.69451798,17.62816680,3.80,109.077,44.146,7.870,176,22,29,,
T,2025-01-23 13:01:36,47.69444618,17.62817389,3.81,109.078,44.146,7.880,177,19,29,,
T,2025-01-23 13:01:37,47.69437567,17.62817956,3.80,108.865,44.146,7.460,178,20,29,,
T,2025-01-23 13:01:38,47.69431580,17.62818330,3.80,108.944,44.146,6.160,178,20,29,,
T,2025-01-23 13:01:39,47.69427039,17.62818699,3.85,109.195,44.146,4.450,178,16,29,,
T,2025-01-23 13:01:40,47.69423253,17.62819162,3.82,109.518,44.147,3.670,176,20,29,,
T,2025-01-23 13:01:41,47.69419937,17.62819750,3.84,110.167,44.147,3.360,172,22,29,,
T,2025-01-23 13:01:42,47.69417278,17.62820543,3.83,110.412,44.147,2.990,170,25,29,,
T,2025-01-23 13:01:43,47.69415519,17.62821131,3.88,110.369,44.147,2.210,167,22,29,,
T,2025-01-23 13:01:44,47.69413007,17.62822334,3.92,110.757,44.147,1.930,163,23,29,,
T,2025-01-23 13:01:45,47.69411239,17.62823747,3.80,110.727,44.147,2.240,156,23,29,,
T,2025-01-23 13:01:46,47.69408958,17.62826163,3.80,110.349,44.147,3.590,145,23,29,,
T,2025-01-23 13:01:47,47.69406006,17.62828894,3.80,110.910,44.147,4.140,147,23,29,,
T,2025-01-23 13:01:48,47.69402567,17.62830735,3.82,110.889,44.147,3.920,158,23,29,,
T,2025-01-23 13:01:49,47.69399534,17.62831621,3.81,111.196,44.147,3.030,168,24,29,,
T,2025-01-23 13:01:50,47.69397283,17.62832654,3.83,111.681,44.147,2.050,164,21,29,,
T,2025-01-23 13:01:51,47.69395634,17.62833794,3.83,112.012,44.147,1.820,154,20,29,,
T,2025-01-23 13:01:52,47.69394344,17.62835277,3.83,112.357,44.147,1.740,144,21,29,,
T,2025-01-23 13:01:53,47.69393680,17.62836990,3.83,112.852,44.147,1.470,123,22,28,,
T,2025-01-23 13:01:54,47.69393378,17.62838172,3.83,113.768,44.147,0.820,110,21,28,,
T,2025-01-23 13:01:55,47.69393107,17.62838877,3.80,114.192,44.147,0.430,98,22,28,,
T,2025-01-23 13:01:56,47.69392941,17.62838800,3.85,114.588,44.147,0.390,86,20,28,,
T,2025-01-23 13:01:57,47.69393123,17.62839519,3.80,114.610,44.147,0.460,84,21,28,,
T,2025-01-23 13:01:58,47.69393139,17.62838936,3.80,115.061,44.147,0.990,85,15,28,,
T,2025-01-23 13:01:59,47.69393196,17.62838214,3.80,115.574,44.147,0.890,84,14,28,,
T,2025-01-23 13:02:00,47.69392983,17.62837586,3.82,116.351,44.147,0.770,81,18,28,,
T,2025-01-23 13:02:01,47.69392832,17.62836922,3.83,116.948,44.147,0.700,81,20,28,,
T,2025-01-23 13:02:02,47.69392849,17.62836440,3.83,117.695,44.147,0.420,84,21,28,,
T,2025-01-23 13:02:03,47.69392730,17.62836443,3.80,117.520,44.147,0.000,,19,28,,
T,2025-01-23 13:02:04,47.69392734,17.62836685,3.80,117.724,44.147,0.580,85,22,28,,
T,2025-01-23 13:02:05,47.69393002,17.62837842,3.81,118.470,44.147,1.020,87,18,28,,
T,2025-01-23 13:02:06,47.69392994,17.62838996,3.81,118.558,44.147,0.950,86,17,28,,
T,2025-01-23 13:02:07,47.69393051,17.62839884,3.80,118.738,44.147,0.720,82,19,28,,
T,2025-01-23 13:02:08,47.69393035,17.62840236,3.80,118.954,44.147,0.170,80,16,28,,
T,2025-01-23 13:02:09,47.69393110,17.62840629,3.80,118.896,44.147,0.000,,17,28,,
T,2025-01-23 13:02:10,47.69393111,17.62840629,3.80,118.891,44.147,0.000,,16,28,,
T,2025-01-23 13:02:11,47.69393111,17.62840625,3.80,118.886,44.147,0.000,,17,28,,
T,2025-01-23 13:02:12,47.69393109,17.62840624,3.80,118.884,44.147,0.000,,19,27,,
T,2025-01-23 13:02:13,47.69393102,17.62840622,3.80,118.879,44.147,0.000,,17,27,,
